-3.8, '1111000', [0.79646, 0.79752, 0.798067, 0.799765, [99900], [99900], [99900]], [1e-05, 1e-05, 0.000537, 9.5e-05, [99900], [99900], [99900]], [-5.46691, -5.46899, -5.470947, -5.475015, [99900], [99900], [99900]], [1e-05, 1e-05, 0.000792, 0.000421, [99900], [99900], [99900]]
-4.2, '1111000', [0.79644, 0.79755, 0.797987, 0.799745, [99900], [99900], [99900]], [1e-05, 1e-05, 0.000554, 9.5e-05, [99900], [99900], [99900]], [-5.46681, -5.46932, -5.4709, -5.47482, [99900], [99900], [99900]], [1e-05, 1e-05, 0.000758, 0.000403, [99900], [99900], [99900]]
-4.6, '0110000', [[99900], 0.79757, 0.797977, [99900], [99900], [99900], [99900]], [[99900], 1e-05, 0.000444, [99900], [99900], [99900], [99900]], [[99900], -5.46915, -5.470647, [99900], [99900], [99900], [99900]], [[99900], 1e-05, 0.000819, [99900], [99900], [99900], [99900]]
-3.4, '0011000', [[99900], [99900], 0.797865, 0.799745, [99900], [99900], [99900]], [[99900], [99900], 0.000426, 0.000117, [99900], [99900], [99900]], [[99900], [99900], -5.470247, -5.47521, [99900], [99900], [99900]], [[99900], [99900], 0.000799, 0.000403, [99900], [99900], [99900]]
-19.8, '1010000', [0.79079, [99900], 0.79142, [99900], [99900], [99900], [99900]], [1e-05, [99900], 1e-05, [99900], [99900], [99900], [99900]], [-5.46682, [99900], -5.47304, [99900], [99900], [99900], [99900]], [1e-05, [99900], 1e-05, [99900], [99900], [99900], [99900]]
-20.2, '1110000', [0.79082, 0.78916, 0.79132, [99900], [99900], [99900], [99900]], [1e-05, 1e-05, 1e-05, [99900], [99900], [99900], [99900]], [-5.46675, -5.47022, -5.47327, [99900], [99900], [99900], [99900]], [1e-05, 1e-05, 1e-05, [99900], [99900], [99900], [99900]]
-21.1, '1111000', [0.790195, 0.79065, 0.78665, 0.79181, [99900], [99900], [99900]], [0.000442, 1e-05, 1e-05, 0.000396, [99900], [99900], [99900]], [-5.467075, -5.47038, -5.46634, -5.475655, [99900], [99900], [99900]], [0.000293, 1e-05, 1e-05, 0.000527, [99900], [99900], [99900]]
-21.5, '1111000', [0.79022, 0.79061, 0.78891, 0.791815, [99900], [99900], [99900]], [0.00046, 1e-05, 0.001219, 0.000343, [99900], [99900], [99900]], [-5.467085, -5.4702, -5.469212, -5.47576, [99900], [99900], [99900]], [0.000265, 1e-05, 0.001692, 0.000424, [99900], [99900], [99900]]
-21.9, '1111000', [0.790557, 0.79053, 0.788865, 0.79178, [99900], [99900], [99900]], [0.000396, 1e-05, 0.001216, 0.000339, [99900], [99900], [99900]], [-5.467023, -5.47, -5.469077, -5.47588, [99900], [99900], [99900]], [0.000184, 1e-05, 0.001675, 0.000424, [99900], [99900], [99900]]
-22.3, '1111000', [0.790643, 0.79032, 0.786335, 0.791845, [99900], [99900], [99900]], [0.000427, 1e-05, 0.000152, 8.8e-05, [99900], [99900], [99900]], [-5.467083, -5.46987, -5.465565, -5.475635, [99900], [99900], [99900]], [0.000145, 1e-05, 0.000484, 0.000435, [99900], [99900], [99900]]
-22.8, '1100000', [0.78962, 0.79024, [99900], [99900], [99900], [99900], [99900]], [1e-05, 1e-05, [99900], [99900], [99900], [99900], [99900]], [-5.46744, -5.46951, [99900], [99900], [99900], [99900], [99900]], [1e-05, 1e-05, [99900], [99900], [99900], [99900], [99900]]
-20.6, '0111000', [[99900], 0.78919, 0.791165, 0.79234, [99900], [99900], [99900]], [[99900], 1e-05, 0.000152, 1e-05, [99900], [99900], [99900]], [[99900], -5.47023, -5.47316, -5.47654, [99900], [99900], [99900]], [[99900], 1e-05, 0.00029, 1e-05, [99900], [99900], [99900]]
-15.6, '0000011', [[99900], [99900], [99900], [99900], [99900], 0.85477, 0.85508], [[99900], [99900], [99900], [99900], [99900], 1e-05, 1e-05], [[99900], [99900], [99900], [99900], [99900], -5.44435, -5.44567], [[99900], [99900], [99900], [99900], [99900], 1e-05, 1e-05]
-16.0, '0000011', [[99900], [99900], [99900], [99900], [99900], 0.85471, 0.85506], [[99900], [99900], [99900], [99900], [99900], 3.5e-05, 1e-05], [[99900], [99900], [99900], [99900], [99900], -5.44418, -5.44564], [[99900], [99900], [99900], [99900], [99900], 0.000346, 1e-05]
-16.4, '0000011', [[99900], [99900], [99900], [99900], [99900], 0.854585, 0.85501], [[99900], [99900], [99900], [99900], [99900], 0.00011, 1e-05], [[99900], [99900], [99900], [99900], [99900], -5.44424, -5.44556], [[99900], [99900], [99900], [99900], [99900], 7.1e-05, 1e-05]
-16.8, '0000011', [[99900], [99900], [99900], [99900], [99900], 0.85462, 0.85491], [[99900], [99900], [99900], [99900], [99900], 1e-05, 1e-05], [[99900], [99900], [99900], [99900], [99900], -5.44381, -5.44551], [[99900], [99900], [99900], [99900], [99900], 1e-05, 1e-05]
-33.3, '1100000', [0.8597, 0.86089, [99900], [99900], [99900], [99900], [99900]], [1e-05, 1e-05, [99900], [99900], [99900], [99900], [99900]], [-5.42099, -5.42405, [99900], [99900], [99900], [99900], [99900]], [1e-05, 1e-05, [99900], [99900], [99900], [99900], [99900]]
-33.7, '1100000', [0.85969, 0.86085, [99900], [99900], [99900], [99900], [99900]], [1e-05, 1e-05, [99900], [99900], [99900], [99900], [99900]], [-5.42105, -5.42407, [99900], [99900], [99900], [99900], [99900]], [1e-05, 1e-05, [99900], [99900], [99900], [99900], [99900]]
-34.1, '1100000', [0.85964, 0.86083, [99900], [99900], [99900], [99900], [99900]], [1e-05, 1e-05, [99900], [99900], [99900], [99900], [99900]], [-5.42106, -5.42416, [99900], [99900], [99900], [99900], [99900]], [1e-05, 1e-05, [99900], [99900], [99900], [99900], [99900]]
-22.3, '1110000', [0.67298, 0.67386, 0.67363, [99900], [99900], [99900], [99900]], [1e-05, 1e-05, 1e-05, [99900], [99900], [99900], [99900]], [-5.2593, -5.26238, -5.26418, [99900], [99900], [99900], [99900]], [1e-05, 1e-05, 1e-05, [99900], [99900], [99900], [99900]]
-22.8, '1100000', [0.6725, 0.67321, [99900], [99900], [99900], [99900], [99900]], [1e-05, 0.000396, [99900], [99900], [99900], [99900], [99900]], [-5.25892, -5.26172, [99900], [99900], [99900], [99900], [99900]], [1e-05, 0.000453, [99900], [99900], [99900], [99900], [99900]]
-23.2, '1110000', [0.67237, 0.6732, 0.673715, [99900], [99900], [99900], [99900]], [1e-05, 0.000276, 5.3e-05, [99900], [99900], [99900], [99900]], [-5.25879, -5.2621, -5.26459, [99900], [99900], [99900], [99900]], [1e-05, 0.000184, 0.000212, [99900], [99900], [99900], [99900]]
-23.6, '1110000', [0.67232, 0.67327, 0.673735, [99900], [99900], [99900], [99900]], [1e-05, 3.5e-05, 5.3e-05, [99900], [99900], [99900], [99900]], [-5.25874, -5.26213, -5.26461, [99900], [99900], [99900], [99900]], [1e-05, 0.000255, 0.000212, [99900], [99900], [99900], [99900]]
-24.0, '1110000', [0.672085, 0.673395, 0.67381, [99900], [99900], [99900], [99900]], [0.000138, 8.1e-05, 6.4e-05, [99900], [99900], [99900], [99900]], [-5.257815, -5.262255, -5.26466, [99900], [99900], [99900], [99900]], [0.000626, 0.000371, 0.000198, [99900], [99900], [99900], [99900]]
-24.4, '1010000', [0.672075, [99900], 0.67384, [99900], [99900], [99900], [99900]], [0.000131, [99900], 5.7e-05, [99900], [99900], [99900], [99900]], [-5.257805, [99900], -5.264715, [99900], [99900], [99900], [99900]], [0.000619, [99900], 0.000216, [99900], [99900], [99900], [99900]]
-19.8, '0000110', [[99900], [99900], [99900], [99900], 0.68926, 0.6906, [99900]], [[99900], [99900], [99900], [99900], 1e-05, 1e-05, [99900]], [[99900], [99900], [99900], [99900], -5.28801, -5.29242, [99900]], [[99900], [99900], [99900], [99900], 1e-05, 1e-05, [99900]]
-20.2, '0000110', [[99900], [99900], [99900], [99900], 0.689375, 0.69018, [99900]], [[99900], [99900], [99900], [99900], 0.000103, 0.000361, [99900]], [[99900], [99900], [99900], [99900], -5.288055, -5.29196, [99900]], [[99900], [99900], [99900], [99900], 0.000329, 0.00041, [99900]]
-20.6, '0000111', [[99900], [99900], [99900], [99900], 0.68933, 0.690465, 0.69085], [[99900], [99900], [99900], [99900], 1e-05, 0.00023, 1e-05], [[99900], [99900], [99900], [99900], -5.28788, -5.292155, -5.29408], [[99900], [99900], [99900], [99900], 1e-05, 8.1e-05, 1e-05]
-21.5, '0000111', [[99900], [99900], [99900], [99900], 0.68936, 0.69031, 0.69075], [[99900], [99900], [99900], [99900], 1e-05, 1e-05, 1e-05], [[99900], [99900], [99900], [99900], -5.28788, -5.29217, -5.29396], [[99900], [99900], [99900], [99900], 1e-05, 1e-05, 1e-05]
-21.9, '0000111', [[99900], [99900], [99900], [99900], 0.68937, 0.69029, 0.69067], [[99900], [99900], [99900], [99900], 1e-05, 1e-05, 1e-05], [[99900], [99900], [99900], [99900], -5.28789, -5.29214, -5.29393], [[99900], [99900], [99900], [99900], 1e-05, 1e-05, 1e-05]
-21.0, '0000011', [[99900], [99900], [99900], [99900], [99900], 0.690275, 0.69081], [[99900], [99900], [99900], [99900], [99900], 3.2e-05, 1e-05], [[99900], [99900], [99900], [99900], [99900], -5.291855, -5.29403], [[99900], [99900], [99900], [99900], [99900], 0.000364, 1e-05]
-16.4, '0110000', [[99900], 0.68473, 0.68501, [99900], [99900], [99900], [99900]], [[99900], 1e-05, 0.00046, [99900], [99900], [99900], [99900]], [[99900], -5.28573, -5.287897, [99900], [99900], [99900], [99900]], [[99900], 1e-05, 0.000791, [99900], [99900], [99900], [99900]]
-17.3, '0110000', [[99900], 0.68462, 0.684963, [99900], [99900], [99900], [99900]], [[99900], 1e-05, 0.000452, [99900], [99900], [99900], [99900]], [[99900], -5.28567, -5.28787, [99900], [99900], [99900], [99900]], [[99900], 1e-05, 0.000796, [99900], [99900], [99900], [99900]]
-17.7, '0110000', [[99900], 0.68454, 0.684937, [99900], [99900], [99900], [99900]], [[99900], 1e-05, 0.000453, [99900], [99900], [99900], [99900]], [[99900], -5.28563, -5.28789, [99900], [99900], [99900], [99900]], [[99900], 1e-05, 0.000807, [99900], [99900], [99900], [99900]]
-18.1, '0110000', [[99900], 0.68445, 0.684655, [99900], [99900], [99900], [99900]], [[99900], 1e-05, 0.000426, [99900], [99900], [99900], [99900]], [[99900], -5.28564, -5.287418, [99900], [99900], [99900], [99900]], [[99900], 1e-05, 0.000773, [99900], [99900], [99900], [99900]]
-18.5, '0110000', [[99900], 0.68423, 0.6855, [99900], [99900], [99900], [99900]], [[99900], 7.1e-05, 0.0, [99900], [99900], [99900], [99900]], [[99900], -5.285385, -5.28916, [99900], [99900], [99900], [99900]], [[99900], 0.000364, 0.000325, [99900], [99900], [99900], [99900]]
-19.8, '0110000', [[99900], 0.68367, 0.68398, [99900], [99900], [99900], [99900]], [[99900], 1e-05, 1e-05, [99900], [99900], [99900], [99900]], [[99900], -5.28493, -5.28747, [99900], [99900], [99900], [99900]], [[99900], 1e-05, 1e-05, [99900], [99900], [99900], [99900]]
-20.2, '0010100', [[99900], [99900], 0.68403, [99900], 0.68602, [99900], [99900]], [[99900], [99900], 3.5e-05, [99900], 1e-05, [99900], [99900]], [[99900], [99900], -5.287845, [99900], -5.28772, [99900], [99900]], [[99900], [99900], 0.000272, [99900], 1e-05, [99900], [99900]]
-17.7, '0110000', [[99900], 0.68004, 0.68057, [99900], [99900], [99900], [99900]], [[99900], 1e-05, 0.00017, [99900], [99900], [99900], [99900]], [[99900], -5.27937, -5.282115, [99900], [99900], [99900], [99900]], [[99900], 1e-05, 0.000499, [99900], [99900], [99900], [99900]]
-18.1, '0110000', [[99900], 0.67986, 0.680595, [99900], [99900], [99900], [99900]], [[99900], 1e-05, 0.000138, [99900], [99900], [99900], [99900]], [[99900], -5.2792, -5.282275, [99900], [99900], [99900], [99900]], [[99900], 1e-05, 0.000392, [99900], [99900], [99900], [99900]]
-20.6, '0110000', [[99900], 0.68124, 0.68177, [99900], [99900], [99900], [99900]], [[99900], 1e-05, 1e-05, [99900], [99900], [99900], [99900]], [[99900], -5.2824, -5.28554, [99900], [99900], [99900], [99900]], [[99900], 1e-05, 1e-05, [99900], [99900], [99900], [99900]]
-21.1, '0110000', [[99900], 0.6812, 0.68175, [99900], [99900], [99900], [99900]], [[99900], 1e-05, 1e-05, [99900], [99900], [99900], [99900]], [[99900], -5.28246, -5.28553, [99900], [99900], [99900], [99900]], [[99900], 1e-05, 1e-05, [99900], [99900], [99900], [99900]]
-25.7, '0000011', [[99900], [99900], [99900], [99900], [99900], 0.89725, 0.89723], [[99900], [99900], [99900], [99900], [99900], 1e-05, 1e-05], [[99900], [99900], [99900], [99900], [99900], -4.83298, -4.83392], [[99900], [99900], [99900], [99900], [99900], 1e-05, 1e-05]
-26.1, '0000011', [[99900], [99900], [99900], [99900], [99900], 0.89722, 0.89721], [[99900], [99900], [99900], [99900], [99900], 1e-05, 1e-05], [[99900], [99900], [99900], [99900], [99900], -4.83291, -4.83407], [[99900], [99900], [99900], [99900], [99900], 1e-05, 1e-05]
-26.5, '0000011', [[99900], [99900], [99900], [99900], [99900], 0.89722, 0.8972], [[99900], [99900], [99900], [99900], [99900], 1e-05, 1e-05], [[99900], [99900], [99900], [99900], [99900], -4.8329, -4.83416], [[99900], [99900], [99900], [99900], [99900], 1e-05, 1e-05]
-26.9, '0000011', [[99900], [99900], [99900], [99900], [99900], 0.89721, 0.89718], [[99900], [99900], [99900], [99900], [99900], 1e-05, 1e-05], [[99900], [99900], [99900], [99900], [99900], -4.83288, -4.8342], [[99900], [99900], [99900], [99900], [99900], 1e-05, 1e-05]
-27.4, '0000011', [[99900], [99900], [99900], [99900], [99900], 0.89719, 0.89716], [[99900], [99900], [99900], [99900], [99900], 1e-05, 1e-05], [[99900], [99900], [99900], [99900], [99900], -4.83292, -4.83422], [[99900], [99900], [99900], [99900], [99900], 1e-05, 1e-05]
-27.8, '0000011', [[99900], [99900], [99900], [99900], [99900], 0.89715, 0.89717], [[99900], [99900], [99900], [99900], [99900], 1e-05, 1e-05], [[99900], [99900], [99900], [99900], [99900], -4.83301, -4.83416], [[99900], [99900], [99900], [99900], [99900], 1e-05, 1e-05]
-28.2, '0000011', [[99900], [99900], [99900], [99900], [99900], 0.8971, 0.89718], [[99900], [99900], [99900], [99900], [99900], 1e-05, 1e-05], [[99900], [99900], [99900], [99900], [99900], -4.83305, -4.83407], [[99900], [99900], [99900], [99900], [99900], 1e-05, 1e-05]
-28.6, '0000011', [[99900], [99900], [99900], [99900], [99900], 0.89706, 0.89716], [[99900], [99900], [99900], [99900], [99900], 1e-05, 1e-05], [[99900], [99900], [99900], [99900], [99900], -4.83303, -4.83405], [[99900], [99900], [99900], [99900], [99900], 1e-05, 1e-05]
-29.1, '0000011', [[99900], [99900], [99900], [99900], [99900], 0.89704, 0.89709], [[99900], [99900], [99900], [99900], [99900], 1e-05, 1e-05], [[99900], [99900], [99900], [99900], [99900], -4.83299, -4.83413], [[99900], [99900], [99900], [99900], [99900], 1e-05, 1e-05]
-29.5, '0000011', [[99900], [99900], [99900], [99900], [99900], 0.89701, 0.89702], [[99900], [99900], [99900], [99900], [99900], 1e-05, 1e-05], [[99900], [99900], [99900], [99900], [99900], -4.83299, -4.83416], [[99900], [99900], [99900], [99900], [99900], 1e-05, 1e-05]
-29.9, '0000011', [[99900], [99900], [99900], [99900], [99900], 0.897, 0.89699], [[99900], [99900], [99900], [99900], [99900], 1e-05, 1e-05], [[99900], [99900], [99900], [99900], [99900], -4.83303, -4.83412], [[99900], [99900], [99900], [99900], [99900], 1e-05, 1e-05]
-30.3, '0000011', [[99900], [99900], [99900], [99900], [99900], 0.89698, 0.89699], [[99900], [99900], [99900], [99900], [99900], 1e-05, 1e-05], [[99900], [99900], [99900], [99900], [99900], -4.83308, -4.83407], [[99900], [99900], [99900], [99900], [99900], 1e-05, 1e-05]
-30.7, '0000011', [[99900], [99900], [99900], [99900], [99900], 0.89695, 0.89701], [[99900], [99900], [99900], [99900], [99900], 1e-05, 1e-05], [[99900], [99900], [99900], [99900], [99900], -4.83313, -4.83398], [[99900], [99900], [99900], [99900], [99900], 1e-05, 1e-05]
-29.9, '0110000', [[99900], 0.88929, 0.88894, [99900], [99900], [99900], [99900]], [[99900], 1e-05, 1e-05, [99900], [99900], [99900], [99900]], [[99900], -4.83199, -4.834, [99900], [99900], [99900], [99900]], [[99900], 1e-05, 1e-05, [99900], [99900], [99900], [99900]]
-29.1, '1110000', [0.8936, 0.893705, 0.89377, [99900], [99900], [99900], [99900]], [1e-05, 0.000138, 0.000119, [99900], [99900], [99900], [99900]], [-4.83549, -4.83812, -4.84082, [99900], [99900], [99900], [99900]], [1e-05, 0.000134, 0.000674, [99900], [99900], [99900], [99900]]
-29.5, '1110000', [0.89357, 0.8937, 0.89362, [99900], [99900], [99900], [99900]], [1e-05, 0.000134, 1.4e-05, [99900], [99900], [99900], [99900]], [-4.83557, -4.83805, -4.83999, [99900], [99900], [99900], [99900]], [1e-05, 0.000106, 0.000276, [99900], [99900], [99900], [99900]]
-29.9, '1110000', [0.8935, 0.893645, 0.89361, [99900], [99900], [99900], [99900]], [1e-05, 0.000138, 0.0, [99900], [99900], [99900], [99900]], [-4.8356, -4.838045, -4.83997, [99900], [99900], [99900], [99900]], [1e-05, 8.8e-05, 0.000297, [99900], [99900], [99900], [99900]]
-30.3, '1110000', [0.893407, 0.893595, 0.89362, [99900], [99900], [99900], [99900]], [0.000166, 0.000145, 1e-05, [99900], [99900], [99900], [99900]], [-4.836477, -4.838075, -4.84008, [99900], [99900], [99900], [99900]], [0.000401, 8.1e-05, 1e-05, [99900], [99900], [99900], [99900]]
-30.8, '1100000', [0.893448, 0.893585, [99900], [99900], [99900], [99900], [99900]], [0.000127, 0.000145, [99900], [99900], [99900], [99900], [99900]], [-4.836755, -4.838135, [99900], [99900], [99900], [99900], [99900]], [0.00039, 8.1e-05, [99900], [99900], [99900], [99900], [99900]]
-31.2, '1110000', [0.893245, 0.893595, 0.89359, [99900], [99900], [99900], [99900]], [0.000145, 0.000159, 1e-05, [99900], [99900], [99900], [99900]], [-4.83601, -4.83826, -4.84, [99900], [99900], [99900], [99900]], [0.000163, 0.000106, 1e-05, [99900], [99900], [99900], [99900]]
-31.6, '1110000', [0.89316, 0.893465, 0.89357, [99900], [99900], [99900], [99900]], [1.4e-05, 7.4e-05, 1e-05, [99900], [99900], [99900], [99900]], [-4.835935, -4.83837, -4.83977, [99900], [99900], [99900], [99900]], [0.000378, 0.000346, 1e-05, [99900], [99900], [99900], [99900]]
-32.0, '1100000', [0.89283, 0.89332, [99900], [99900], [99900], [99900], [99900]], [0.000148, 1.4e-05, [99900], [99900], [99900], [99900], [99900]], [-4.83645, -4.838555, [99900], [99900], [99900], [99900], [99900]], [2.1e-05, 0.000301, [99900], [99900], [99900], [99900], [99900]]
-27.8, '0110000', [[99900], 0.89371, 0.89365, [99900], [99900], [99900], [99900]], [[99900], 1e-05, 1e-05, [99900], [99900], [99900], [99900]], [[99900], -4.83821, -4.84014, [99900], [99900], [99900], [99900]], [[99900], 1e-05, 1e-05, [99900], [99900], [99900], [99900]]
-28.2, '0110000', [[99900], 0.89385, 0.89365, [99900], [99900], [99900], [99900]], [[99900], 1e-05, 2.8e-05, [99900], [99900], [99900], [99900]], [[99900], -4.8384, -4.840155, [99900], [99900], [99900], [99900]], [[99900], 1e-05, 0.000265, [99900], [99900], [99900], [99900]]
-48.0, '0000011', [[99900], [99900], [99900], [99900], [99900], 0.86809, 0.86866], [[99900], [99900], [99900], [99900], [99900], 1e-05, 1e-05], [[99900], [99900], [99900], [99900], [99900], -4.01922, -4.02148], [[99900], [99900], [99900], [99900], [99900], 1e-05, 1e-05]
-48.4, '0000011', [[99900], [99900], [99900], [99900], [99900], 0.86807, 0.86866], [[99900], [99900], [99900], [99900], [99900], 1e-05, 1e-05], [[99900], [99900], [99900], [99900], [99900], -4.01918, -4.02143], [[99900], [99900], [99900], [99900], [99900], 1e-05, 1e-05]
-48.9, '0000011', [[99900], [99900], [99900], [99900], [99900], 0.86807, 0.86865], [[99900], [99900], [99900], [99900], [99900], 1e-05, 1e-05], [[99900], [99900], [99900], [99900], [99900], -4.01915, -4.02135], [[99900], [99900], [99900], [99900], [99900], 1e-05, 1e-05]
-49.3, '0000011', [[99900], [99900], [99900], [99900], [99900], 0.86811, 0.86866], [[99900], [99900], [99900], [99900], [99900], 1e-05, 1e-05], [[99900], [99900], [99900], [99900], [99900], -4.01913, -4.02126], [[99900], [99900], [99900], [99900], [99900], 1e-05, 1e-05]
-36.2, '0000011', [[99900], [99900], [99900], [99900], [99900], 0.827, 0.82765], [[99900], [99900], [99900], [99900], [99900], 1e-05, 1e-05], [[99900], [99900], [99900], [99900], [99900], -4.0168, -4.01898], [[99900], [99900], [99900], [99900], [99900], 1e-05, 1e-05]
-36.6, '0000011', [[99900], [99900], [99900], [99900], [99900], 0.82718, 0.82775], [[99900], [99900], [99900], [99900], [99900], 1e-05, 1e-05], [[99900], [99900], [99900], [99900], [99900], -4.0168, -4.01899], [[99900], [99900], [99900], [99900], [99900], 1e-05, 1e-05]
-37.1, '0000011', [[99900], [99900], [99900], [99900], [99900], 0.82728, 0.82778], [[99900], [99900], [99900], [99900], [99900], 1e-05, 1e-05], [[99900], [99900], [99900], [99900], [99900], -4.01677, -4.01899], [[99900], [99900], [99900], [99900], [99900], 1e-05, 1e-05]
-1.7, '0000110', [[99900], [99900], [99900], [99900], 0.415465, 0.41606, [99900]], [[99900], [99900], [99900], [99900], 0.000124, 0.000148, [99900]], [[99900], [99900], [99900], [99900], -2.3948, -2.396605, [99900]], [[99900], [99900], [99900], [99900], 1.4e-05, 0.000626, [99900]]
-2.1, '0000111', [[99900], [99900], [99900], [99900], 0.41537, 0.41612, 0.41605], [[99900], [99900], [99900], [99900], 2.8e-05, 0.000184, 1e-05], [[99900], [99900], [99900], [99900], -2.394855, -2.39683, -2.39628], [[99900], [99900], [99900], [99900], 0.000301, 0.000735, 1e-05]
-2.5, '0000111', [[99900], [99900], [99900], [99900], 0.41536, 0.41613, 0.41601], [[99900], [99900], [99900], [99900], 1e-05, 0.000184, 1e-05], [[99900], [99900], [99900], [99900], -2.39492, -2.39705, -2.3961], [[99900], [99900], [99900], [99900], 1e-05, 0.000799, 1e-05]
-3.4, '0000111', [[99900], [99900], [99900], [99900], 0.41613, 0.4162, 0.4163], [[99900], [99900], [99900], [99900], 1e-05, 0.000198, 0.000276], [[99900], [99900], [99900], [99900], -2.39857, -2.397605, -2.397755], [[99900], [99900], [99900], [99900], 1e-05, 0.000909, 0.001184]
-3.8, '0000111', [[99900], [99900], [99900], [99900], 0.41615, 0.41652, 0.4167], [[99900], [99900], [99900], [99900], 1e-05, 1e-05, 1e-05], [[99900], [99900], [99900], [99900], -2.39868, -2.39915, -2.39954], [[99900], [99900], [99900], [99900], 1e-05, 1e-05, 1e-05]
-4.2, '0000110', [[99900], [99900], [99900], [99900], 0.41622, 0.41651, [99900]], [[99900], [99900], [99900], [99900], 9.9e-05, 1e-05, [99900]], [[99900], [99900], [99900], [99900], -2.398855, -2.39952, [99900]], [[99900], [99900], [99900], [99900], 6e-05, 1e-05, [99900]]
-2.9, '0000011', [[99900], [99900], [99900], [99900], [99900], 0.41612, 0.41634], [[99900], [99900], [99900], [99900], [99900], 0.000212, 0.000255], [[99900], [99900], [99900], [99900], [99900], -2.397205, -2.39785], [[99900], [99900], [99900], [99900], [99900], 0.000993, 0.001153]
0.8, '1100000', [0.40894, 0.40918, [99900], [99900], [99900], [99900], [99900]], [1e-05, 1e-05, [99900], [99900], [99900], [99900], [99900]], [-2.392, -2.39278, [99900], [99900], [99900], [99900], [99900]], [1e-05, 1e-05, [99900], [99900], [99900], [99900], [99900]]
0.4, '1100000', [0.40897, 0.40922, [99900], [99900], [99900], [99900], [99900]], [1e-05, 1e-05, [99900], [99900], [99900], [99900], [99900]], [-2.39186, -2.39277, [99900], [99900], [99900], [99900], [99900]], [1e-05, 1e-05, [99900], [99900], [99900], [99900], [99900]]
0.4, '1001000', [0.41209, [99900], [99900], 0.41208, [99900], [99900], [99900]], [0.000158, [99900], [99900], 1e-05, [99900], [99900], [99900]], [-2.412403, [99900], [99900], -2.4101, [99900], [99900], [99900]], [0.000622, [99900], [99900], 1e-05, [99900], [99900], [99900]]
-0.0, '1101000', [0.41207, 0.41252, [99900], 0.41212, [99900], [99900], [99900]], [0.000134, 4.2e-05, [99900], 1e-05, [99900], [99900], [99900]], [-2.41199, -2.41284, [99900], -2.41027, [99900], [99900], [99900]], [0.000518, 0.000255, [99900], 1e-05, [99900], [99900], [99900]]
-0.4, '1111000', [0.411906, 0.4124, 0.4116, 0.41214, [99900], [99900], [99900]], [0.000142, 1e-05, 1e-05, 1e-05, [99900], [99900], [99900]], [-2.411504, -2.41267, -2.40805, -2.41042, [99900], [99900], [99900]], [0.000634, 1e-05, 1e-05, 1e-05, [99900], [99900], [99900]]
-0.8, '1111000', [0.41174, 0.4123, 0.41137, 0.41214, [99900], [99900], [99900]], [0.000113, 1e-05, 1e-05, 1e-05, [99900], [99900], [99900]], [-2.410743, -2.41233, -2.40776, -2.41052, [99900], [99900], [99900]], [0.000442, 1e-05, 1e-05, 1e-05, [99900], [99900], [99900]]
-1.3, '1111000', [0.411283, 0.41224, 0.41128, 0.41211, [99900], [99900], [99900]], [0.000217, 1e-05, 1e-05, 1e-05, [99900], [99900], [99900]], [-2.40917, -2.41211, -2.40764, -2.41039, [99900], [99900], [99900]], [0.000779, 1e-05, 1e-05, 1e-05, [99900], [99900], [99900]]
-1.7, '1111000', [0.410992, 0.411625, 0.411797, 0.411795, [99900], [99900], [99900]], [0.000227, 0.000407, 0.000265, 1.8e-05, [99900], [99900], [99900]], [-2.408127, -2.409545, -2.41052, -2.40991, [99900], [99900], [99900]], [0.000903, 0.001644, 0.001374, 0.000311, [99900], [99900], [99900]]
-2.1, '1111000', [0.411039, 0.41122, 0.412168, 0.41186, [99900], [99900], [99900]], [0.000101, 1e-05, 0.000217, 1e-05, [99900], [99900], [99900]], [-2.408197, -2.40795, -2.412282, -2.41018, [99900], [99900], [99900]], [0.000406, 1e-05, 0.001052, 1e-05, [99900], [99900], [99900]]
-2.5, '1111000', [0.41102, 0.41149, 0.412092, 0.41194, [99900], [99900], [99900]], [0.000163, 1e-05, 0.0002, 0.000106, [99900], [99900], [99900]], [-2.40854, -2.40923, -2.411752, -2.41045, [99900], [99900], [99900]], [0.000799, 1e-05, 0.000923, 0.000686, [99900], [99900], [99900]]
-3.4, '1111000', [0.411348, 0.41171, 0.412165, 0.411985, [99900], [99900], [99900]], [0.00013, 1e-05, 0.000209, 9.5e-05, [99900], [99900], [99900]], [-2.40984, -2.4103, -2.412095, -2.410695, [99900], [99900], [99900]], [0.000568, 1e-05, 0.000944, 0.000647, [99900], [99900], [99900]]
-3.8, '1111000', [0.411515, 0.41174, 0.412135, 0.411975, [99900], [99900], [99900]], [0.000131, 1e-05, 0.000187, 0.000103, [99900], [99900], [99900]], [-2.410855, -2.41043, -2.41194, -2.41061, [99900], [99900], [99900]], [0.000619, 1e-05, 0.00087, 0.0007, [99900], [99900], [99900]]
-4.2, '1100000', [0.41134, 0.4117, [99900], [99900], [99900], [99900], [99900]], [1e-05, 1e-05, [99900], [99900], [99900], [99900], [99900]], [-2.41002, -2.41044, [99900], [99900], [99900], [99900], [99900]], [1e-05, 1e-05, [99900], [99900], [99900], [99900], [99900]]
-2.9, '0111000', [[99900], 0.41165, 0.41204, 0.411955, [99900], [99900], [99900]], [[99900], 1e-05, 0.000208, 0.00011, [99900], [99900], [99900]], [[99900], -2.41, -2.411505, -2.410575, [99900], [99900], [99900]], [[99900], 1e-05, 0.000981, 0.000704, [99900], [99900], [99900]]
-9.7, '1100000', [0.61506, 0.61601, [99900], [99900], [99900], [99900], [99900]], [1e-05, 1e-05, [99900], [99900], [99900], [99900], [99900]], [-0.73245, -0.73248, [99900], [99900], [99900], [99900], [99900]], [1e-05, 1e-05, [99900], [99900], [99900], [99900], [99900]]
-10.1, '1100000', [0.615, 0.61587, [99900], [99900], [99900], [99900], [99900]], [1e-05, 1e-05, [99900], [99900], [99900], [99900], [99900]], [-0.73223, -0.7321, [99900], [99900], [99900], [99900], [99900]], [1e-05, 1e-05, [99900], [99900], [99900], [99900], [99900]]
-10.5, '1100000', [0.61497, 0.61586, [99900], [99900], [99900], [99900], [99900]], [1e-05, 1e-05, [99900], [99900], [99900], [99900], [99900]], [-0.73219, -0.73209, [99900], [99900], [99900], [99900], [99900]], [1e-05, 1e-05, [99900], [99900], [99900], [99900], [99900]]
-11.0, '1100000', [0.61494, 0.61585, [99900], [99900], [99900], [99900], [99900]], [1e-05, 1e-05, [99900], [99900], [99900], [99900], [99900]], [-0.73221, -0.73215, [99900], [99900], [99900], [99900], [99900]], [1e-05, 1e-05, [99900], [99900], [99900], [99900], [99900]]
-8.0, '1100000', [0.33353, 0.33439, [99900], [99900], [99900], [99900], [99900]], [1e-05, 1e-05, [99900], [99900], [99900], [99900], [99900]], [-0.12093, -0.12068, [99900], [99900], [99900], [99900], [99900]], [1e-05, 1e-05, [99900], [99900], [99900], [99900], [99900]]
-8.4, '1110000', [0.33348, 0.33435, 0.33506, [99900], [99900], [99900], [99900]], [1e-05, 1e-05, 1e-05, [99900], [99900], [99900], [99900]], [-0.12081, -0.12063, -0.12094, [99900], [99900], [99900], [99900]], [1e-05, 1e-05, 1e-05, [99900], [99900], [99900], [99900]]
-9.3, '1110000', [0.33337, 0.33426, 0.33489, [99900], [99900], [99900], [99900]], [1e-05, 1e-05, 1e-05, [99900], [99900], [99900], [99900]], [-0.1205, -0.12052, -0.12035, [99900], [99900], [99900], [99900]], [1e-05, 1e-05, 1e-05, [99900], [99900], [99900], [99900]]
-8.8, '0110000', [[99900], 0.3343, 0.33502, [99900], [99900], [99900], [99900]], [[99900], 1e-05, 1e-05, [99900], [99900], [99900], [99900]], [[99900], -0.12056, -0.12089, [99900], [99900], [99900], [99900]], [[99900], 1e-05, 1e-05, [99900], [99900], [99900], [99900]]
-49.3, '0000011', [[99900], [99900], [99900], [99900], [99900], 0.11264, 0.11545], [[99900], [99900], [99900], [99900], [99900], 1e-05, 1e-05], [[99900], [99900], [99900], [99900], [99900], 0.11875, 0.13485], [[99900], [99900], [99900], [99900], [99900], 1e-05, 1e-05]
-9.3, '0000011', [[99900], [99900], [99900], [99900], [99900], 0.05999, 0.06009], [[99900], [99900], [99900], [99900], [99900], 7e-06, 1e-05], [[99900], [99900], [99900], [99900], [99900], 0.093975, 0.09422], [[99900], [99900], [99900], [99900], [99900], 2.5e-05, 1e-05]
-9.7, '0000011', [[99900], [99900], [99900], [99900], [99900], 0.05999, 0.06026], [[99900], [99900], [99900], [99900], [99900], 1e-05, 0.000177], [[99900], [99900], [99900], [99900], [99900], 0.09406, 0.09406], [[99900], [99900], [99900], [99900], [99900], 1e-05, 0.000148]
-1.7, '0000111', [[99900], [99900], [99900], [99900], 0.06119, 0.062003, 0.06249], [[99900], [99900], [99900], [99900], 1e-05, 0.000161, 0.0], [[99900], [99900], [99900], [99900], 0.08934, 0.091093, 0.09176], [[99900], [99900], [99900], [99900], 1e-05, 0.000255, 0.0]
-2.1, '0000111', [[99900], [99900], [99900], [99900], 0.06115, 0.06139, 0.062415], [[99900], [99900], [99900], [99900], 7e-06, 7e-06, 4e-06], [[99900], [99900], [99900], [99900], 0.08917, 0.09047, 0.091725], [[99900], [99900], [99900], [99900], 7e-06, 7e-06, 4e-06]
-4.2, '0000111', [[99900], [99900], [99900], [99900], 0.06119, 0.06183, 0.061982], [[99900], [99900], [99900], [99900], 0.0, 4.2e-05, 0.000105], [[99900], [99900], [99900], [99900], 0.089125, 0.090515, 0.090647], [[99900], [99900], [99900], [99900], 4e-06, 0.000371, 0.000153]
-4.6, '0000111', [[99900], [99900], [99900], [99900], 0.06113, 0.06178, 0.061913], [[99900], [99900], [99900], [99900], 7e-06, 0.0, 3e-06], [[99900], [99900], [99900], [99900], 0.08926, 0.09057, 0.090783], [[99900], [99900], [99900], [99900], 7e-06, 1.4e-05, 0.000234]
-5.5, '0000110', [[99900], [99900], [99900], [99900], 0.061037, 0.06155, [99900]], [[99900], [99900], [99900], [99900], 3.8e-05, 1e-05, [99900]], [[99900], [99900], [99900], [99900], 0.089507, 0.09058, [99900]], [[99900], [99900], [99900], [99900], 0.000224, 1e-05, [99900]]
-5.9, '0000110', [[99900], [99900], [99900], [99900], 0.06106, 0.061305, [99900]], [[99900], [99900], [99900], [99900], 1e-05, 0.000131, [99900]], [[99900], [99900], [99900], [99900], 0.0895, 0.090675, [99900]], [[99900], [99900], [99900], [99900], 1e-05, 0.000407, [99900]]
-0.4, '0000011', [[99900], [99900], [99900], [99900], [99900], 0.06239, 0.06257], [[99900], [99900], [99900], [99900], [99900], 0.0, 7e-06], [[99900], [99900], [99900], [99900], [99900], 0.09144, 0.091795], [[99900], [99900], [99900], [99900], [99900], 0.0, 4e-06]
-0.8, '0000011', [[99900], [99900], [99900], [99900], [99900], 0.062355, 0.06255], [[99900], [99900], [99900], [99900], [99900], 4e-06, 0.0], [[99900], [99900], [99900], [99900], [99900], 0.091395, 0.0918], [[99900], [99900], [99900], [99900], [99900], 4e-06, 0.0]
-1.2, '0000011', [[99900], [99900], [99900], [99900], [99900], 0.062285, 0.062525], [[99900], [99900], [99900], [99900], [99900], 4e-06, 4e-06], [[99900], [99900], [99900], [99900], [99900], 0.09134, 0.09177], [[99900], [99900], [99900], [99900], [99900], 7e-06, 0.0]
-2.5, '0000011', [[99900], [99900], [99900], [99900], [99900], 0.061453, 0.061555], [[99900], [99900], [99900], [99900], [99900], 6.9e-05, 4e-06], [[99900], [99900], [99900], [99900], [99900], 0.090503, 0.090495], [[99900], [99900], [99900], [99900], [99900], 7.3e-05, 4e-06]
-2.9, '0000011', [[99900], [99900], [99900], [99900], [99900], 0.061435, 0.06166], [[99900], [99900], [99900], [99900], [99900], 4e-06, 0.0], [[99900], [99900], [99900], [99900], [99900], 0.090315, 0.09052], [[99900], [99900], [99900], [99900], [99900], 4e-06, 1.4e-05]
-17.3, '0000110', [[99900], [99900], [99900], [99900], 0.06717, 0.06686, [99900]], [[99900], [99900], [99900], [99900], 7e-06, 3.5e-05, [99900]], [[99900], [99900], [99900], [99900], 0.088815, 0.088805, [99900]], [[99900], [99900], [99900], [99900], 4e-06, 6e-05, [99900]]
-17.3, '0000011', [[99900], [99900], [99900], [99900], [99900], 0.06515, 0.065185], [[99900], [99900], [99900], [99900], [99900], 7e-06, 4e-06], [[99900], [99900], [99900], [99900], [99900], 0.088535, 0.08901], [[99900], [99900], [99900], [99900], [99900], 1.1e-05, 7e-06]
-17.7, '0000011', [[99900], [99900], [99900], [99900], [99900], 0.065135, 0.065195], [[99900], [99900], [99900], [99900], [99900], 4e-06, 4e-06], [[99900], [99900], [99900], [99900], [99900], 0.088525, 0.08896], [[99900], [99900], [99900], [99900], [99900], 4e-06, 0.0]
-14.3, '0000011', [[99900], [99900], [99900], [99900], [99900], 0.052135, 0.052025], [[99900], [99900], [99900], [99900], [99900], 4e-06, 9.2e-05], [[99900], [99900], [99900], [99900], [99900], 0.08015, 0.081508], [[99900], [99900], [99900], [99900], [99900], 0.0, 0.000532]
-14.7, '0000011', [[99900], [99900], [99900], [99900], [99900], 0.05216, 0.052334], [[99900], [99900], [99900], [99900], [99900], 0.0, 0.000155], [[99900], [99900], [99900], [99900], [99900], 0.080175, 0.08001], [[99900], [99900], [99900], [99900], [99900], 4e-06, 0.000696]
-11.4, '0000011', [[99900], [99900], [99900], [99900], [99900], 0.04903, 0.049105], [[99900], [99900], [99900], [99900], [99900], 0.0, 1.1e-05], [[99900], [99900], [99900], [99900], [99900], 0.07545, 0.075565], [[99900], [99900], [99900], [99900], [99900], 7e-06, 1.8e-05]
-11.8, '0000011', [[99900], [99900], [99900], [99900], [99900], 0.049, 0.04904], [[99900], [99900], [99900], [99900], [99900], 0.0, 0.0], [[99900], [99900], [99900], [99900], [99900], 0.075495, 0.07574], [[99900], [99900], [99900], [99900], [99900], 4e-06, 7e-06]
-12.2, '0000011', [[99900], [99900], [99900], [99900], [99900], 0.04897, 0.04905], [[99900], [99900], [99900], [99900], [99900], 0.0, 0.0], [[99900], [99900], [99900], [99900], [99900], 0.075505, 0.075765], [[99900], [99900], [99900], [99900], [99900], 4e-06, 4e-06]
-12.6, '0000011', [[99900], [99900], [99900], [99900], [99900], 0.04896, 0.04907], [[99900], [99900], [99900], [99900], [99900], 0.0, 0.0], [[99900], [99900], [99900], [99900], [99900], 0.075515, 0.07578], [[99900], [99900], [99900], [99900], [99900], 4e-06, 0.0]
-13.0, '0000011', [[99900], [99900], [99900], [99900], [99900], 0.04896, 0.04907], [[99900], [99900], [99900], [99900], [99900], 0.0, 0.0], [[99900], [99900], [99900], [99900], [99900], 0.075535, 0.0758], [[99900], [99900], [99900], [99900], [99900], 4e-06, 7e-06]
-13.5, '0000011', [[99900], [99900], [99900], [99900], [99900], 0.04896, 0.049055], [[99900], [99900], [99900], [99900], [99900], 0.0, 4e-06], [[99900], [99900], [99900], [99900], [99900], 0.07555, 0.075805], [[99900], [99900], [99900], [99900], [99900], 0.0, 4e-06]
-13.9, '0000011', [[99900], [99900], [99900], [99900], [99900], 0.04896, 0.049025], [[99900], [99900], [99900], [99900], [99900], 0.0, 4e-06], [[99900], [99900], [99900], [99900], [99900], 0.075505, 0.07576], [[99900], [99900], [99900], [99900], [99900], 4e-06, 7e-06]
-15.2, '0000110', [[99900], [99900], [99900], [99900], 0.04643, 0.04621, [99900]], [[99900], [99900], [99900], [99900], 7e-06, 7e-06, [99900]], [[99900], [99900], [99900], [99900], 0.07663, 0.077425, [99900]], [[99900], [99900], [99900], [99900], 1.4e-05, 1.1e-05, [99900]]
-15.6, '0000111', [[99900], [99900], [99900], [99900], 0.04643, 0.046285, 0.046537], [[99900], [99900], [99900], [99900], 7e-06, 4e-06, 0.000115], [[99900], [99900], [99900], [99900], 0.076745, 0.07753, 0.078033], [[99900], [99900], [99900], [99900], 4e-06, 7e-06, 6.7e-05]
-16.0, '0000111', [[99900], [99900], [99900], [99900], 0.046425, 0.046365, 0.046525], [[99900], [99900], [99900], [99900], 4e-06, 4e-06, 4e-06], [[99900], [99900], [99900], [99900], 0.07675, 0.077585, 0.07816], [[99900], [99900], [99900], [99900], 0.0, 4e-06, 7e-06]
-16.4, '0000111', [[99900], [99900], [99900], [99900], 0.046465, 0.04639, 0.046555], [[99900], [99900], [99900], [99900], 3.9e-05, 7e-06, 4e-06], [[99900], [99900], [99900], [99900], 0.07638, 0.077615, 0.07819], [[99900], [99900], [99900], [99900], 0.000156, 4e-06, 0.0]
-1.7, '0001100', [[99900], [99900], [99900], 0.058003, 0.05939, [99900], [99900]], [[99900], [99900], [99900], 9e-05, 1e-05, [99900], [99900]], [[99900], [99900], [99900], 0.070052, 0.07186, [99900], [99900]], [[99900], [99900], [99900], 0.000703, 1e-05, [99900], [99900]]
-2.1, '0001100', [[99900], [99900], [99900], 0.05798, 0.05939, [99900], [99900]], [[99900], [99900], [99900], 0.0, 1.4e-05, [99900], [99900]], [[99900], [99900], [99900], 0.070075, 0.072165, [99900], [99900]], [[99900], [99900], [99900], 4e-06, 2.5e-05, [99900], [99900]]
-10.1, '0000011', [[99900], [99900], [99900], [99900], [99900], 0.05489, 0.054845], [[99900], [99900], [99900], [99900], [99900], 1.4e-05, 0.000103], [[99900], [99900], [99900], [99900], [99900], 0.071425, 0.071125], [[99900], [99900], [99900], [99900], [99900], 3.9e-05, 0.00011]
-10.5, '0000011', [[99900], [99900], [99900], [99900], [99900], 0.054862, 0.05482], [[99900], [99900], [99900], [99900], [99900], 5.2e-05, 4.9e-05], [[99900], [99900], [99900], [99900], [99900], 0.071442, 0.071135], [[99900], [99900], [99900], [99900], [99900], 0.000111, 0.000216]
-10.9, '0000011', [[99900], [99900], [99900], [99900], [99900], 0.054863, 0.05482], [[99900], [99900], [99900], [99900], [99900], 7.3e-05, 5.7e-05], [[99900], [99900], [99900], [99900], [99900], 0.071527, 0.071295], [[99900], [99900], [99900], [99900], [99900], 4.3e-05, 0.000194]
-21.9, '0000011', [[99900], [99900], [99900], [99900], [99900], 0.04159, 0.04162], [[99900], [99900], [99900], [99900], [99900], 7e-06, 7e-06], [[99900], [99900], [99900], [99900], [99900], 0.021485, 0.02186], [[99900], [99900], [99900], [99900], [99900], 4e-06, 7e-06]
-28.2, '0000011', [[99900], [99900], [99900], [99900], [99900], 0.036265, 0.03658], [[99900], [99900], [99900], [99900], [99900], 4e-06, 0.0], [[99900], [99900], [99900], [99900], [99900], 0.0171, 0.017065], [[99900], [99900], [99900], [99900], [99900], 0.0, 1.1e-05]
-28.6, '0000011', [[99900], [99900], [99900], [99900], [99900], 0.03631, 0.036555], [[99900], [99900], [99900], [99900], [99900], 0.0, 4e-06], [[99900], [99900], [99900], [99900], [99900], 0.017155, 0.01721], [[99900], [99900], [99900], [99900], [99900], 4e-06, 1.4e-05]
-4.2, '0000011', [[99900], [99900], [99900], [99900], [99900], 0.02871, 0.028665], [[99900], [99900], [99900], [99900], [99900], 0.000104, 1.1e-05], [[99900], [99900], [99900], [99900], [99900], 0.06532, 0.06567], [[99900], [99900], [99900], [99900], [99900], 9.4e-05, 7e-06]
-4.6, '0000011', [[99900], [99900], [99900], [99900], [99900], 0.02874, 0.028695], [[99900], [99900], [99900], [99900], [99900], 0.0, 4e-06], [[99900], [99900], [99900], [99900], [99900], 0.0652, 0.065545], [[99900], [99900], [99900], [99900], [99900], 0.0, 4e-06]
-5.0, '0000011', [[99900], [99900], [99900], [99900], [99900], 0.028785, 0.02871], [[99900], [99900], [99900], [99900], [99900], 4e-06, 0.0], [[99900], [99900], [99900], [99900], [99900], 0.06513, 0.065495], [[99900], [99900], [99900], [99900], [99900], 1.4e-05, 4e-06]
-5.5, '0000011', [[99900], [99900], [99900], [99900], [99900], 0.028868, 0.02873], [[99900], [99900], [99900], [99900], [99900], 9.3e-05, 7e-06], [[99900], [99900], [99900], [99900], [99900], 0.065155, 0.065495], [[99900], [99900], [99900], [99900], [99900], 4.5e-05, 1.1e-05]
-5.9, '0000011', [[99900], [99900], [99900], [99900], [99900], 0.02863, 0.02872], [[99900], [99900], [99900], [99900], [99900], 1e-05, 7e-06], [[99900], [99900], [99900], [99900], [99900], 0.06555, 0.065575], [[99900], [99900], [99900], [99900], [99900], 1e-05, 1.8e-05]
-7.2, '1010000', [-0.00553, [99900], -0.005175, [99900], [99900], [99900], [99900]], [0.000127, [99900], 0.00011, [99900], [99900], [99900], [99900]], [-0.05098, [99900], -0.05087, [99900], [99900], [99900], [99900]], [2.1e-05, [99900], 0.000113, [99900], [99900], [99900], [99900]]
-7.6, '1010000', [-0.005415, [99900], -0.00523, [99900], [99900], [99900], [99900]], [0.000138, [99900], 1e-05, [99900], [99900], [99900], [99900]], [-0.051175, [99900], -0.051, [99900], [99900], [99900], [99900]], [8.1e-05, [99900], 1e-05, [99900], [99900], [99900], [99900]]
-7.6, '0110000', [[99900], -0.00527, -0.004935, [99900], [99900], [99900], [99900]], [[99900], 1e-05, 0.000117, [99900], [99900], [99900], [99900]], [[99900], -0.0725, -0.072715, [99900], [99900], [99900], [99900]], [[99900], 1e-05, 6.7e-05, [99900], [99900], [99900], [99900]]
-8.0, '0110000', [[99900], -0.00522, -0.00494, [99900], [99900], [99900], [99900]], [[99900], 1e-05, 0.000113, [99900], [99900], [99900], [99900]], [[99900], -0.07242, -0.07269, [99900], [99900], [99900], [99900]], [[99900], 1e-05, 6.4e-05, [99900], [99900], [99900], [99900]]
-8.0, '1100000', [-0.008895, -0.0086, [99900], [99900], [99900], [99900], [99900]], [6.7e-05, 0.000141, [99900], [99900], [99900], [99900], [99900]], [-0.011605, -0.01157, [99900], [99900], [99900], [99900], [99900]], [0.000378, 0.000148, [99900], [99900], [99900], [99900], [99900]]
-8.4, '1100000', [-0.00899, -0.00873, [99900], [99900], [99900], [99900], [99900]], [1e-05, 1e-05, [99900], [99900], [99900], [99900], [99900]], [-0.01189, -0.01115, [99900], [99900], [99900], [99900], [99900]], [1e-05, 1e-05, [99900], [99900], [99900], [99900], [99900]]
-8.8, '0010101', [[99900], [99900], 0.00322, [99900], 0.00327, [99900], 0.00278], [[99900], [99900], 9.2e-05, [99900], 1e-05, [99900], 1e-05], [[99900], [99900], 0.017105, [99900], 0.01592, [99900], 0.01604], [[99900], [99900], 0.000124, [99900], 1e-05, [99900], 1e-05]
-9.3, '0010110', [[99900], [99900], 0.00326, [99900], 0.00339, 0.00324, [99900]], [[99900], [99900], 1e-05, [99900], 1e-05, 1e-05, [99900]], [[99900], [99900], 0.01718, [99900], 0.01583, 0.01591, [99900]], [[99900], [99900], 1e-05, [99900], 1e-05, 1e-05, [99900]]
-9.7, '0010110', [[99900], [99900], 0.00327, [99900], 0.00339, 0.00339, [99900]], [[99900], [99900], 1e-05, [99900], 1e-05, 1e-05, [99900]], [[99900], [99900], 0.01713, [99900], 0.01596, 0.01579, [99900]], [[99900], [99900], 1e-05, [99900], 1e-05, 1e-05, [99900]]
-8.4, '0000101', [[99900], [99900], [99900], [99900], 0.003155, [99900], 0.00268], [[99900], [99900], [99900], [99900], 6e-05, [99900], 4.2e-05], [[99900], [99900], [99900], [99900], 0.0159, [99900], 0.01674], [[99900], [99900], [99900], [99900], 0.000361, [99900], 0.00017]
-10.5, '0000111', [[99900], [99900], [99900], [99900], 0.00337, 0.00324, 0.00322], [[99900], [99900], [99900], [99900], 1e-05, 0.00015, 0.000154], [[99900], [99900], [99900], [99900], 0.01629, 0.01721, 0.01705], [[99900], [99900], [99900], [99900], 1e-05, 0.000572, 0.000567]
-11.4, '0000111', [[99900], [99900], [99900], [99900], 0.00343, 0.00362, 0.00362], [[99900], [99900], [99900], [99900], 1e-05, 1e-05, 1e-05], [[99900], [99900], [99900], [99900], 0.01625, 0.01585, 0.01573], [[99900], [99900], [99900], [99900], 1e-05, 1e-05, 1e-05]
-10.1, '0000011', [[99900], [99900], [99900], [99900], [99900], 0.00325, 0.003157], [[99900], [99900], [99900], [99900], [99900], 0.000191, 0.000166], [[99900], [99900], [99900], [99900], [99900], 0.016815, 0.016795], [[99900], [99900], [99900], [99900], [99900], 0.000718, 0.00058]
-10.9, '0000011', [[99900], [99900], [99900], [99900], [99900], 0.003287, 0.00363], [[99900], [99900], [99900], [99900], [99900], 0.000142, 1e-05], [[99900], [99900], [99900], [99900], [99900], 0.01721, 0.01569], [[99900], [99900], [99900], [99900], [99900], 0.000568, 1e-05]
-11.8, '0000011', [[99900], [99900], [99900], [99900], [99900], 0.0036, 0.00356], [[99900], [99900], [99900], [99900], [99900], 1e-05, 1e-05], [[99900], [99900], [99900], [99900], [99900], 0.01583, 0.0161], [[99900], [99900], [99900], [99900], [99900], 1e-05, 1e-05]
-10.5, '0000011', [[99900], [99900], [99900], [99900], [99900], 0.00412, 0.004405], [[99900], [99900], [99900], [99900], [99900], 1e-05, 0.000173], [[99900], [99900], [99900], [99900], [99900], 0.01378, 0.013245], [[99900], [99900], [99900], [99900], [99900], 1e-05, 0.000329]
-10.9, '0000011', [[99900], [99900], [99900], [99900], [99900], 0.00416, 0.0045], [[99900], [99900], [99900], [99900], [99900], 1e-05, 1e-05], [[99900], [99900], [99900], [99900], [99900], 0.01376, 0.01319], [[99900], [99900], [99900], [99900], [99900], 1e-05, 1e-05]
