,#NO,RA,DEC,VLSR,FLUX,DFLUX,??
,42,0.01474,0.02462,-3.78174,1.33100,0.06000,1
,43,0.00000,-0.00011,-4.20303,1.07500,0.07100,1
,43,0.01486,0.02461,-4.20303,5.92900,0.07100,1
,44,-0.00006,-0.00026,-4.62433,2.45300,0.17700,1
,44,0.00009,0.00033,-4.62433,1.31300,0.17700,1
,44,0.01485,0.02462,-4.62433,20.52900,0.17700,1
,44,0.01525,0.02272,-4.62433,7.06800,0.17700,1
,44,0.01534,0.02240,-4.62433,1.72900,0.17700,1
,45,-0.00001,-0.00006,-5.04563,16.72700,0.41000,1
,45,0.01483,0.02462,-5.04563,44.83700,0.41000,1
,45,0.01525,0.02265,-5.04563,7.95000,0.41000,1
,45,0.01808,0.04170,-5.04563,8.65300,0.41000,1
,46,-0.00001,-0.00007,-5.46692,57.41700,0.72300,1
,46,0.00040,-0.00188,-5.46692,24.84100,0.72300,1
,46,0.00051,-0.00224,-5.46692,6.41300,0.72300,1
,46,0.01481,0.02461,-5.46692,52.36300,0.72300,1
,46,0.01519,0.02272,-5.46692,19.29600,0.72300,1
,46,0.01524,0.02237,-5.46692,4.04000,0.72300,1
,47,0.00000,-0.00007,-5.88822,124.43500,1.14100,1
,47,0.00041,-0.00196,-5.88822,25.94300,1.14100,1
,47,0.01478,0.02459,-5.88822,31.40300,1.14100,1
,48,0.00000,-0.00008,-6.30952,175.31599,1.42800,1
,49,-0.00539,-0.05114,-6.73082,12.75300,1.43700,1
,49,-0.00001,-0.00008,-6.73082,184.59500,1.43700,1
,49,0.00036,-0.00188,-6.73082,80.77600,1.43700,1
,49,0.00045,-0.00227,-6.73082,19.64200,1.43700,1
,50,-0.00533,-0.05103,-7.15211,18.30800,1.34500,1
,50,-0.00502,-0.05071,-7.15211,7.20800,1.34500,1
,50,-0.00335,-0.01719,-7.15211,18.46200,1.34500,1
,50,-0.00299,-0.01713,-7.15211,11.70400,1.34500,1
,50,-0.00001,-0.00007,-7.15211,178.61501,1.34500,1
,50,0.00039,-0.00201,-7.15211,36.95200,1.34500,1
,51,-0.00523,-0.05100,-7.57341,11.86400,1.28800,1
,51,-0.00510,-0.07281,-7.57341,9.67700,1.28800,1
,51,-0.00477,-0.07262,-7.57341,7.64700,1.28800,1
,51,-0.00321,-0.01721,-7.57341,52.23500,1.28800,1
,51,0.00001,-0.00004,-7.57341,171.51801,1.28800,1
,52,-0.00510,-0.07278,-7.99471,9.26300,1.19300,1
,52,-0.00478,-0.07260,-7.99471,6.18200,1.19300,1
,52,-0.00340,-0.01763,-7.99471,9.04600,1.19300,1
,52,-0.00319,-0.01715,-7.99471,18.76300,1.19300,1
,52,0.00002,-0.00002,-7.99471,168.05701,1.19300,1
,53,-0.00067,0.00222,-8.41600,11.05600,1.32700,1
,53,-0.00030,0.00188,-8.41600,59.45900,1.32700,1
,53,0.00004,-0.00002,-8.41600,160.69099,1.32700,1
,54,-0.00042,0.00197,-8.83730,21.72300,1.26900,1
,54,0.00005,-0.00003,-8.83730,147.81400,1.26900,1
,54,0.00309,0.01693,-8.83730,10.87700,1.26900,1
,54,0.00335,0.01728,-8.83730,20.55200,1.26900,1
,55,-0.00042,0.00196,-9.25860,15.20900,0.89100,1
,55,0.00006,-0.00005,-9.25860,104.54600,0.89100,1
,55,0.00045,-0.00188,-9.25860,46.21100,0.89100,1
,55,0.00052,-0.00223,-9.25860,10.65300,0.89100,1
,55,0.00326,0.01718,-9.25860,19.38400,0.89100,1
,56,0.00008,-0.00007,-9.67989,50.53500,0.46000,1
,56,0.00051,-0.00209,-9.67989,20.98400,0.46000,1
,56,0.00060,-0.00242,-9.67989,3.60500,0.46000,1
,56,0.00327,0.01713,-9.67989,10.19400,0.46000,1
,57,0.00012,-0.00003,-10.10119,15.87600,0.31300,1
,58,0.00115,0.00284,-10.52249,3.41500,0.35500,1
,58,0.00151,0.00249,-10.52249,9.86000,0.35500,1
,58,0.00199,0.00050,-10.52249,18.49800,0.35100,1
,59,0.00109,0.00305,-10.94378,5.23300,0.39300,1
,59,0.00142,0.00269,-10.94378,16.72700,0.39300,1
,59,0.00193,0.00066,-10.94378,28.23600,0.38500,1
,59,0.00243,-0.00138,-10.94378,7.97600,0.39300,1
,60,0.00118,0.00306,-11.36508,7.78500,0.34700,1
,60,0.00185,0.00086,-11.36508,25.74900,0.33700,1
,60,0.00243,-0.00137,-11.36508,6.43500,0.34700,1
,61,0.00173,0.00111,-11.78638,15.75900,0.22600,1
,62,0.00165,0.00132,-12.20768,7.06400,0.14400,1
,62,0.00265,0.00147,-12.20768,1.41100,0.14800,1
,62,0.00287,0.00211,-12.20768,1.79700,0.14800,1
,62,0.02040,0.02000,-12.20768,4.18800,0.14700,1
,63,0.00142,0.00108,-12.62897,3.51100,0.11400,1
,63,0.00164,0.00185,-12.62897,2.11000,0.11300,1
,63,0.00275,0.00209,-12.62897,4.90800,0.11300,1
,63,0.02040,0.02001,-12.62897,3.90800,0.11400,1
,64,0.00141,0.00131,-13.05027,5.89400,0.10400,1
,64,0.00285,0.00221,-13.05027,5.26600,0.10400,1
,64,0.02041,0.01993,-13.05027,2.28400,0.10400,1
,65,0.00137,0.00134,-13.47157,7.01500,0.09400,1
,65,0.00294,0.00225,-13.47157,4.50000,0.09400,1
,66,0.00136,0.00131,-13.89286,4.40900,0.06800,1
,66,0.00298,0.00223,-13.89286,2.77200,0.06800,1
,66,0.04899,0.05781,-13.89286,1.13100,0.06800,1
,67,0.00138,0.00117,-14.31416,1.32000,0.04900,1
,67,0.00296,0.00225,-14.31416,1.28100,0.04900,1
,67,0.04895,0.05784,-14.31416,1.86500,0.04900,1
,68,0.04892,0.05784,-14.73546,2.53700,0.04700,1
,69,0.04887,0.05782,-15.15675,2.44400,0.05600,1
,70,0.04884,0.05776,-15.57805,1.80500,0.07200,1
,71,0.04887,0.05780,-15.99935,1.02800,0.07100,1
,73,-0.01847,-0.01432,-16.84194,1.41800,0.21000,1
,74,-0.01837,-0.01441,-17.26324,1.61600,0.22300,1
,75,-0.01833,-0.01435,-17.68454,1.13200,0.15700,1
,75,0.07578,0.01458,-17.68454,2.72500,0.16300,1
,76,0.07573,0.01470,-18.10583,3.43500,0.09000,1
,77,0.07572,0.01474,-18.52713,1.73200,0.05800,1
,78,0.02578,-0.00141,-18.94843,1.03000,0.04800,1
,79,0.02583,-0.00137,-19.36972,2.37000,0.04800,1
,80,0.02588,-0.00141,-19.79102,4.28400,0.05600,1
,81,0.02591,-0.00144,-20.21232,5.88300,0.06700,1
,82,0.02594,-0.00148,-20.63361,6.10400,0.07200,1
,83,0.02598,-0.00150,-21.05491,4.49600,0.06700,1
,84,0.02599,-0.00151,-21.47621,2.17000,0.06000,1
,92,0.02383,0.00906,-24.84658,1.05200,0.03800,1
,93,0.02385,0.00896,-25.26788,1.35300,0.03800,1
,94,0.02385,0.00886,-25.68918,1.36700,0.03800,1
,95,0.02383,0.00888,-26.11047,1.07900,0.03600,1
,42,0.01470,0.02458,-3.78174,1.19900,0.05100,1
,43,0.01486,0.02461,-4.20303,6.04500,0.06500,1
,44,0.01485,0.02462,-4.62433,20.64400,0.16000,1
,44,0.01527,0.02265,-4.62433,3.56300,0.16000,1
,45,0.01483,0.02462,-5.04563,44.96100,0.37100,1
,45,0.01524,0.02266,-5.04563,7.76700,0.37100,1
,45,0.01806,0.04173,-5.04563,8.47300,0.37100,1
,46,0.01480,0.02459,-5.46692,53.47200,0.68000,1
,46,0.01519,0.02272,-5.46692,19.21200,0.68000,1
,46,0.01526,0.02240,-5.46692,3.58500,0.68000,1
,46,0.01681,0.00933,-5.46692,4.50400,0.68000,1
,46,0.01804,0.04183,-5.46692,10.86300,0.68000,1
,47,0.01105,0.01726,-5.88822,6.69000,1.07900,1
,47,0.01476,0.02454,-5.88822,29.98000,1.07900,1
,47,0.01681,0.00917,-5.88822,10.57600,1.07900,1
,48,0.00847,0.00798,-6.30952,6.63200,1.31600,1
,48,0.01107,0.01735,-6.30952,7.85200,1.33100,1
,48,0.01674,0.00906,-6.30952,11.03200,1.35500,1
,49,0.00849,0.00760,-6.73082,7.34600,1.40100,1
,49,0.01662,0.00916,-6.73082,9.21200,1.41700,1
,50,0.01662,0.00882,-7.15211,7.07500,1.31400,1
,60,0.01836,0.01038,-11.36508,1.91900,0.32300,1
,61,0.01832,0.01085,-11.78638,1.32500,0.22300,1
,61,0.02040,0.02002,-11.78638,3.28800,0.22600,1
,62,0.02041,0.01996,-12.20768,4.49200,0.14000,1
,63,0.02042,0.01993,-12.62897,4.15100,0.10700,1
,64,0.02043,0.01986,-13.05027,2.39100,0.09300,1
,66,0.04900,0.05778,-13.89286,1.15300,0.06400,1
,67,0.04895,0.05785,-14.31416,1.90100,0.04900,1
,68,0.04892,0.05784,-14.73546,2.52800,0.04700,1
,69,0.04887,0.05782,-15.15675,2.47600,0.05300,1
,70,0.04883,0.05776,-15.57805,1.78300,0.06700,1
,71,0.04886,0.05773,-15.99935,1.02200,0.06500,1
,75,0.07576,0.01457,-17.68454,2.73100,0.14500,1
,76,0.07573,0.01469,-18.10583,3.35500,0.08200,1
,77,0.07573,0.01473,-18.52713,1.72800,0.05100,1
,92,0.02383,0.00907,-24.84658,1.07800,0.03800,1
,93,0.02386,0.00896,-25.26788,1.38900,0.03700,1
,94,0.02385,0.00888,-25.68918,1.37300,0.03600,1
,95,0.02383,0.00886,-26.11047,1.10100,0.03500,1
,53,0.33492,-0.11994,-8.41600,20.37200,2.10300,1
,53,0.33506,-0.12094,-8.41600,21.88300,2.10200,1
,54,0.33491,-0.12003,-8.83730,23.97400,1.96800,1
,54,0.33502,-0.12089,-8.83730,19.65700,1.96300,1
,55,0.33489,-0.12035,-9.25860,25.41800,1.40400,1
,56,0.33484,-0.12026,-9.67989,9.90900,0.69300,1
,49,0.63433,-0.65518,-6.73082,11.68500,1.93100,1
,50,0.63436,-0.65525,-7.15211,11.08500,1.86700,1
,53,0.63444,-0.65516,-8.41600,12.09800,1.59400,1
,54,0.63444,-0.65510,-8.83730,11.02700,1.50100,1
,55,0.63443,-0.65506,-9.25860,7.42400,1.04200,1
,30,0.41063,-2.40161,1.27383,4.61500,0.05800,1
,31,0.41067,-2.40173,0.85253,14.15900,0.14200,1
,31,0.41105,-2.40369,0.85253,6.48000,0.14200,1
,31,0.41113,-2.40414,0.85253,1.99300,0.14200,1
,31,0.41910,-2.41596,0.85253,1.06400,0.14000,1
,32,0.41069,-2.40182,0.43123,19.38300,0.19400,1
,32,0.41109,-2.40387,0.43123,4.77300,0.19400,1
,32,0.41902,-2.41606,0.43123,1.04800,0.19100,1
,33,0.41034,-2.40006,0.00993,3.33700,0.13600,1
,33,0.41071,-2.40192,0.00993,13.09900,0.13600,1
,33,0.41111,-2.40406,0.00993,2.78500,0.13600,1
,34,0.41034,-2.40032,-0.41136,2.38500,0.06100,1
,34,0.41065,-2.40214,-0.41136,3.40200,0.06100,1
,34,0.41090,-2.40175,-0.41136,1.66400,0.06100,1
,34,0.41099,-2.40389,-0.41136,1.99600,0.06100,1
,34,0.41160,-2.40805,-0.41136,1.03500,0.06100,1
,35,0.41137,-2.40776,-0.83266,1.87000,0.04500,1
,36,0.41128,-2.40764,-1.25396,4.19600,0.05700,1
,37,0.41129,-2.40779,-1.67525,7.24300,0.09300,1
,37,0.41170,-2.41018,-1.67525,1.25900,0.09300,1
,37,0.41240,-2.41359,-1.67525,2.10400,0.09300,1
,38,0.41137,-2.40798,-2.09655,8.91800,0.16800,1
,38,0.41167,-2.41011,-2.09655,2.66100,0.15700,1
,38,0.41205,-2.41206,-2.09655,2.59500,0.16100,1
,38,0.41246,-2.41472,-2.09655,1.26000,0.16700,1
,38,0.41253,-2.41353,-2.09655,9.33200,0.16800,1
,38,0.41293,-2.41529,-2.09655,4.71200,0.16800,1
,39,0.41138,-2.40837,-2.51785,10.62200,0.30400,1
,39,0.41155,-2.40937,-2.51785,6.76200,0.30400,1
,39,0.41200,-2.41134,-2.51785,12.10500,0.28300,1
,39,0.41246,-2.41343,-2.51785,7.03400,0.30400,1
,39,0.41247,-2.41352,-2.51785,13.93300,0.30400,1
,39,0.41269,-2.41448,-2.51785,6.12300,0.30400,1
,40,0.41143,-2.40860,-2.93914,8.92500,0.35300,1
,40,0.41189,-2.41084,-2.93914,19.54800,0.34000,1
,40,0.41235,-2.41303,-2.93914,8.57700,0.35300,1
,40,0.41249,-2.41355,-2.93914,18.30200,0.35300,1
,41,0.41187,-2.41076,-3.36044,14.67800,0.21400,1
,41,0.41246,-2.41343,-3.36044,10.15700,0.21700,1
,42,0.41187,-2.41071,-3.78174,4.36200,0.07700,1
,42,0.41240,-2.41317,-3.78174,2.51100,0.07600,1
,106,0.78472,-3.99136,-30.74474,2.51600,0.12400,1
,107,0.77989,-3.98506,-31.16604,1.59900,0.09400,1
,107,0.78457,-3.99152,-31.16604,3.46700,0.09400,1
,107,0.78465,-3.99079,-31.16604,3.09700,0.09400,1
,108,0.77983,-3.98505,-31.58733,2.23700,0.09800,1
,108,0.78450,-3.99135,-31.58733,5.52200,0.09800,1
,108,0.78465,-3.99078,-31.58733,3.43400,0.09800,1
,109,0.77982,-3.98503,-32.00863,1.59500,0.07700,1
,109,0.78446,-3.99130,-32.00863,4.26100,0.07700,1
,109,0.78467,-3.99085,-32.00863,2.40200,0.07700,1
,110,0.78457,-3.99088,-32.42993,1.49900,0.04600,1
,99,0.89365,-4.84014,-27.79566,1.13400,0.03900,1
,100,0.88898,-4.83418,-28.21696,1.14200,0.05400,1
,100,0.89361,-4.84053,-28.21696,1.84900,0.05400,1
,100,0.89369,-4.83978,-28.21696,1.41400,0.05400,1
,101,0.88897,-4.83411,-28.63825,2.38600,0.08700,1
,101,0.89360,-4.84051,-28.63825,3.64700,0.08700,1
,101,0.89366,-4.83973,-28.63825,3.03900,0.08700,1
,101,0.89391,-4.84229,-28.63825,1.90800,0.08700,1
,102,0.89360,-4.84041,-29.05955,6.79100,0.13500,1
,102,0.89365,-4.83964,-29.05955,4.52500,0.13500,1
,102,0.89406,-4.84241,-29.05955,1.23000,0.13500,1
,102,0.90198,-4.85426,-29.05955,1.13600,0.13500,1
,103,0.87245,-4.87780,-29.48085,1.40100,0.18000,1
,103,0.88896,-4.83405,-29.48085,5.10300,0.18700,1
,103,0.89360,-4.84038,-29.48085,9.63400,0.18700,1
,103,0.89364,-4.83960,-29.48085,6.26500,0.18700,1
,103,0.90198,-4.85449,-29.48085,1.78700,0.18700,1
,104,0.87240,-4.87753,-29.90215,1.51900,0.21100,1
,104,0.88894,-4.83400,-29.90215,5.93300,0.21600,1
,104,0.89361,-4.83955,-29.90215,7.19400,0.21600,1
,104,0.89361,-4.84039,-29.90215,10.93800,0.21600,1
,105,0.87245,-4.87779,-30.32344,1.43300,0.17800,1
,105,0.89362,-4.84008,-30.32344,13.14500,0.18500,1
,106,0.89360,-4.84005,-30.74474,8.29500,0.12400,1
,107,0.89359,-4.84000,-31.16604,3.53800,0.09200,1
,108,0.89357,-4.83977,-31.58733,1.16400,0.09600,1
,53,0.61448,-5.36206,-8.41600,4.58900,0.38000,1
,54,0.61444,-5.36323,-8.83730,4.53700,0.46900,1
,54,0.61445,-5.36035,-8.83730,12.19700,0.45400,1
,54,0.61460,-5.36260,-8.83730,4.77800,0.46900,1
,55,0.60923,-5.35282,-9.25860,5.67500,0.50100,1
,55,0.61274,-5.35819,-9.25860,5.88900,0.52200,1
,55,0.61295,-5.35721,-9.25860,3.79700,0.53100,1
,55,0.61442,-5.36228,-9.25860,10.23200,0.50300,1
,55,0.61445,-5.35991,-9.25860,23.46900,0.53100,1
,56,0.60939,-5.35314,-9.67989,9.34400,0.64300,1
,56,0.61269,-5.35792,-9.67989,8.52300,0.66000,1
,56,0.61298,-5.35725,-9.67989,6.21500,0.66700,1
,56,0.61436,-5.36167,-9.67989,13.52700,0.63800,1
,56,0.61443,-5.35988,-9.67989,36.60700,0.66700,1
,57,0.60882,-5.35160,-10.10119,9.74700,0.78800,1
,57,0.60969,-5.35385,-10.10119,13.93200,0.83800,1
,57,0.61434,-5.36101,-10.10119,21.85400,0.82100,1
,57,0.61441,-5.35979,-10.10119,46.42300,0.83800,1
,58,0.60884,-5.35164,-10.52249,10.88600,0.89700,1
,58,0.60967,-5.35385,-10.52249,17.78900,0.93900,1
,58,0.61262,-5.35732,-10.52249,18.70900,0.93700,1
,58,0.61309,-5.35725,-10.52249,6.67500,0.93900,1
,58,0.61428,-5.36063,-10.52249,30.36600,0.92200,1
,58,0.61441,-5.35976,-10.52249,46.90100,0.93900,1
,59,0.60948,-5.35346,-10.94378,18.22500,0.86700,1
,59,0.61254,-5.35742,-10.94378,15.76600,0.90700,1
,59,0.61281,-5.35682,-10.94378,12.84600,0.90700,1
,59,0.61432,-5.36004,-10.94378,65.47000,0.89800,1
,60,0.60950,-5.35357,-11.36508,14.97500,0.71000,1
,60,0.61250,-5.35742,-11.36508,12.86100,0.72900,1
,60,0.61274,-5.35684,-11.36508,10.66800,0.72900,1
,60,0.61425,-5.36041,-11.36508,34.15400,0.72200,1
,60,0.61437,-5.35962,-11.36508,29.33200,0.72900,1
,61,0.60954,-5.35366,-11.78638,9.08400,0.46800,1
,61,0.61253,-5.35724,-11.78638,11.86300,0.47600,1
,61,0.61284,-5.35686,-11.78638,4.02500,0.47600,1
,61,0.61422,-5.36038,-11.78638,22.67700,0.47300,1
,61,0.61438,-5.35963,-11.78638,19.53000,0.47600,1
,62,0.61250,-5.35723,-12.20768,6.82600,0.26100,1
,62,0.61281,-5.35685,-12.20768,2.62500,0.26100,1
,62,0.61421,-5.36023,-12.20768,14.45700,0.25700,1
,62,0.61443,-5.35957,-12.20768,8.32600,0.26100,1
,63,0.61248,-5.35727,-12.62897,3.58900,0.15100,1
,63,0.61270,-5.35660,-12.62897,1.52100,0.15100,1
,63,0.61421,-5.36018,-12.62897,7.52500,0.14900,1
,63,0.61436,-5.35940,-12.62897,4.58200,0.15100,1
,63,0.62258,-5.37410,-12.62897,1.40300,0.14500,1
,64,0.60955,-5.35374,-13.05027,2.63100,0.10800,1
,64,0.61412,-5.35929,-13.05027,2.94100,0.10900,1
,64,0.61423,-5.36022,-13.05027,3.60000,0.10700,1
,64,0.62261,-5.37421,-13.05027,1.02600,0.10700,1
,65,0.60952,-5.35391,-13.47157,2.56800,0.09000,1
,65,0.61108,-5.35713,-13.47157,1.86400,0.09000,1
,65,0.61407,-5.35918,-13.47157,1.37800,0.09100,1
,65,0.61408,-5.36002,-13.47157,2.52700,0.09000,1
,66,0.60941,-5.35395,-13.89286,2.21000,0.07300,1
,66,0.61111,-5.35725,-13.89286,2.29100,0.07200,1
,66,0.61401,-5.36010,-13.89286,1.44600,0.07300,1
,67,0.60938,-5.35419,-14.31416,1.23900,0.06000,1
,67,0.61120,-5.35739,-14.31416,1.66400,0.05800,1
,68,0.61240,-5.35702,-14.73546,2.01100,0.05800,1
,68,0.61269,-5.35673,-14.73546,1.18200,0.05800,1
,69,0.61066,-5.35332,-15.15675,1.43700,0.07100,1
,69,0.61243,-5.35662,-15.15675,2.83600,0.07200,1
,70,0.61057,-5.35299,-15.57805,1.34500,0.09300,1
,70,0.68557,-5.28900,-15.57805,2.05300,0.09500,1
,71,0.68548,-5.28913,-15.99935,7.72500,0.19900,1
,71,0.68568,-5.28864,-15.99935,5.39700,0.19900,1
,72,0.68389,-5.28598,-16.42064,14.12000,0.52000,1
,72,0.68547,-5.28910,-16.42064,25.53500,0.52000,1
,72,0.68567,-5.28861,-16.42064,16.07100,0.52000,1
,73,0.68384,-5.28582,-16.84194,24.57900,0.90900,1
,73,0.68545,-5.28912,-16.84194,43.06600,0.90900,1
,73,0.68564,-5.28860,-16.84194,30.03600,0.90900,1
,74,0.68386,-5.28595,-17.26324,25.60200,0.93800,1
,74,0.68544,-5.28913,-17.26324,45.00200,0.93800,1
,74,0.68559,-5.28853,-17.26324,31.75700,0.93800,1
,74,0.69392,-5.30327,-17.26324,10.16000,0.93700,1
,75,0.68033,-5.28141,-17.68454,4.97600,0.57900,1
,75,0.68081,-5.28282,-17.68454,14.09300,0.61200,1
,75,0.68383,-5.28594,-17.68454,17.49200,0.61200,1
,75,0.68541,-5.28915,-17.68454,27.97600,0.61200,1
,75,0.68557,-5.28858,-17.68454,22.33000,0.61200,1
,75,0.69390,-5.30329,-17.68454,6.56900,0.61100,1
,76,0.68040,-5.28172,-18.10583,2.97000,0.27000,1
,76,0.68079,-5.28283,-18.10583,4.78100,0.28500,1
,76,0.68367,-5.28605,-18.10583,5.76300,0.28500,1
,76,0.68395,-5.28574,-18.10583,4.13200,0.28500,1
,76,0.68545,-5.28929,-18.10583,13.12200,0.28500,1
,76,0.68555,-5.28859,-18.10583,10.32300,0.28500,1
,77,0.68550,-5.28962,-18.52713,5.04700,0.13700,1
,77,0.68550,-5.28870,-18.52713,5.76500,0.13900,1
,78,0.68511,-5.28947,-18.94843,2.19400,0.08500,1
,78,0.68565,-5.28909,-18.94843,4.33000,0.09000,1
,80,0.68206,-5.28536,-19.79102,1.02600,0.07000,1
,80,0.68398,-5.28747,-19.79102,2.44900,0.07200,1
,81,0.68188,-5.28544,-20.21232,1.19500,0.08800,1
,81,0.68398,-5.28823,-20.21232,1.24500,0.08900,1
,81,0.68408,-5.28746,-20.21232,1.15100,0.09000,1
,82,0.68177,-5.28554,-20.63361,1.57600,0.10900,1
,83,0.68175,-5.28553,-21.05491,1.40200,0.14500,1
,84,0.71837,-5.33076,-21.47621,1.05200,0.17600,1
,85,0.71859,-5.33108,-21.89750,1.12500,0.17500,1
,86,0.67363,-5.26418,-22.31880,1.24000,0.15300,1
,87,0.67361,-5.26484,-22.74010,4.34300,0.13900,1
,87,0.67378,-5.26427,-22.74010,3.35900,0.13900,1
,88,0.65251,-5.30234,-23.16139,1.02900,0.17400,1
,88,0.66875,-5.25767,-23.16139,1.40500,0.17400,1
,88,0.66899,-5.25856,-23.16139,4.09200,0.18300,1
,88,0.67364,-5.26489,-23.16139,8.20800,0.18300,1
,88,0.67379,-5.26429,-23.16139,5.96700,0.18300,1
,89,0.65253,-5.30231,-23.58269,1.32000,0.19100,1
,89,0.66868,-5.25744,-23.58269,1.97000,0.19000,1
,89,0.66900,-5.25859,-23.58269,4.44900,0.20000,1
,89,0.67366,-5.26491,-23.58269,9.49100,0.20000,1
,89,0.67381,-5.26431,-23.58269,6.62600,0.20000,1
,90,0.65252,-5.30227,-24.00399,1.10500,0.15400,1
,90,0.67372,-5.26494,-24.00399,7.77000,0.16000,1
,90,0.67390,-5.26438,-24.00399,4.82000,0.16000,1
,91,0.67376,-5.26502,-24.42529,4.26500,0.09800,1
,91,0.67392,-5.26441,-24.42529,2.65800,0.09800,1
,92,0.67381,-5.26437,-24.84658,1.26100,0.05400,1
,92,0.67393,-5.26538,-24.84658,1.03500,0.05400,1
,36,0.79437,-5.46533,-1.25396,1.08800,0.05800,1
,36,0.79907,-5.47115,-1.25396,1.53100,0.05800,1
,36,0.79909,-5.47207,-1.25396,1.41200,0.05800,1
,37,0.79437,-5.46535,-1.67525,1.02100,0.08800,1
,37,0.79740,-5.46854,-1.67525,1.85500,0.08800,1
,37,0.79901,-5.47240,-1.67525,1.12800,0.08600,1
,37,0.79909,-5.47139,-1.67525,3.34900,0.08800,1
,38,0.79435,-5.46542,-2.09655,1.00400,0.13600,1
,38,0.79435,-5.46499,-2.09655,1.57600,0.13600,1
,38,0.79754,-5.46848,-2.09655,2.20500,0.13600,1
,38,0.79907,-5.47164,-2.09655,4.67600,0.13600,1
,39,0.79735,-5.46824,-2.51785,2.55800,0.20500,1
,39,0.79862,-5.47235,-2.51785,1.90400,0.19500,1
,39,0.79905,-5.47135,-2.51785,4.59400,0.20500,1
,40,0.79729,-5.46825,-2.93914,2.63900,0.22300,1
,40,0.79848,-5.47230,-2.93914,2.30800,0.21400,1
,40,0.79898,-5.47131,-2.93914,3.81400,0.22300,1
,41,0.79682,-5.46889,-3.36044,1.12700,0.14700,1
,41,0.79729,-5.46847,-3.36044,1.90100,0.14900,1
,41,0.79838,-5.47220,-3.36044,2.77800,0.14500,1
,41,0.79897,-5.47143,-3.36044,3.20500,0.14900,1
,42,0.79681,-5.46902,-3.78174,1.51300,0.08300,1
,42,0.79836,-5.47211,-3.78174,3.03300,0.08200,1
,42,0.79903,-5.47171,-3.78174,2.15000,0.08300,1
,43,0.79666,-5.46907,-4.20303,1.05100,0.07000,1
,43,0.79840,-5.47209,-4.20303,2.37800,0.06800,1
,43,0.79890,-5.47154,-4.20303,1.22300,0.07000,1
,44,0.79689,-5.46875,-4.62433,1.17300,0.09300,1
,44,0.79849,-5.47216,-4.62433,1.17300,0.09100,1
,44,0.79855,-5.47103,-4.62433,1.02700,0.09300,1
,80,0.79142,-5.47304,-19.79102,1.47600,0.09300,1
,81,0.79132,-5.47327,-20.21232,2.31000,0.08900,1
,82,0.79095,-5.47357,-20.63361,1.22700,0.09600,1
,82,0.79138,-5.47275,-20.63361,3.04300,0.10200,1
,83,0.78665,-5.46634,-21.05491,1.16700,0.12000,1
,84,0.78633,-5.46543,-21.47621,1.47200,0.12900,1
,84,0.78662,-5.46628,-21.47621,1.72700,0.13600,1
,84,0.79134,-5.47300,-21.47621,3.69300,0.13600,1
,84,0.79135,-5.47214,-21.47621,4.11100,0.13600,1
,85,0.78627,-5.46525,-21.89750,1.54400,0.12300,1
,85,0.78660,-5.46627,-21.89750,1.80200,0.13100,1
,85,0.79128,-5.47281,-21.89750,4.34600,0.13100,1
,85,0.79131,-5.47198,-21.89750,4.01500,0.13100,1
,86,0.78612,-5.46488,-22.31880,1.08400,0.10800,1
,86,0.78655,-5.46625,-22.31880,1.16800,0.11600,1
