,#NO,RA,DEC,VLSR,FLUX,DFLUX,??
,31,0.05790,0.07005,0.85216,2.05100,0.06300,1
,32,0.05782,0.06996,0.43087,5.67000,0.08600,1
,33,0.05777,0.06993,0.00957,16.69200,0.20500,1
,34,0.05749,0.07196,-0.41172,5.56000,0.35600,1
,34,0.05776,0.06993,-0.41172,29.90100,0.35500,1
,34,0.05801,0.06812,-0.41172,14.82500,0.35600,1
,34,0.05809,0.06777,-0.41172,3.53100,0.35600,1
,35,0.05750,0.07224,-0.83301,3.27800,0.37500,1
,35,0.05753,0.07188,-0.83301,12.44700,0.37500,1
,35,0.05779,0.06995,-0.83301,31.37500,0.37200,1
,35,0.05806,0.06792,-0.83301,11.63000,0.37500,1
,35,0.05812,0.06758,-0.83301,2.72500,0.37500,1
,36,0.05764,0.07214,-1.25431,4.98900,0.34600,1
,36,0.05790,0.07003,-1.25431,28.88100,0.34000,1
,37,0.05774,0.07215,-1.67560,5.08700,0.32900,1
,37,0.05798,0.07008,-1.67560,26.69000,0.32400,1
,38,0.05798,0.07008,-2.09689,17.50800,0.23200,1
,39,0.05789,0.07003,-2.51819,8.78000,0.22900,1
,42,-0.00018,-0.00027,-3.78207,1.95800,0.12000,1
,42,0.01501,0.02511,-3.78207,3.70400,0.12100,1
,42,0.01928,0.03909,-3.78207,2.08900,0.12100,1
,43,-0.00022,-0.00024,-4.20336,3.46100,0.14500,1
,43,0.01504,0.02516,-4.20336,9.55500,0.14500,1
,43,0.01925,0.03907,-4.20336,2.68800,0.14500,1
,44,-0.00023,-0.00028,-4.62465,7.14500,0.27800,1
,44,0.01506,0.02519,-4.62465,20.67100,0.27800,1
,45,-0.00050,0.00152,-5.04595,5.52200,0.52300,1
,45,-0.00024,-0.00039,-5.04595,26.35100,0.52300,1
,45,0.00001,-0.00235,-5.04595,4.82700,0.52300,1
,45,0.01507,0.02517,-5.04595,33.24500,0.52300,1
,46,-0.00050,0.00154,-5.46724,20.86500,1.36700,1
,46,-0.00024,-0.00046,-5.46724,108.64400,1.36500,1
,46,-0.00007,-0.00220,-5.46724,18.43000,1.36700,1
,46,0.00005,-0.00250,-5.46724,18.40200,1.36700,1
,46,0.01507,0.02515,-5.46724,30.60000,1.36300,1
,47,-0.00048,0.00164,-5.88853,40.26700,3.63200,1
,47,-0.00047,0.00128,-5.88853,162.27000,3.63200,1
,47,-0.00022,-0.00048,-5.88853,297.75299,3.62600,1
,47,0.00006,-0.00238,-5.88853,70.61800,3.63200,1
,48,-0.00039,0.00157,-6.30983,104.14900,6.16200,1
,48,-0.00019,-0.00044,-6.30983,512.51801,6.12000,1
,48,0.00005,-0.00228,-6.30983,264.94299,6.16200,1
,48,0.00015,-0.00266,-6.30983,65.58200,6.16200,1
,49,-0.00034,0.00168,-6.73112,293.87100,7.07500,1
,49,-0.00032,0.00202,-6.73112,76.13500,7.07500,1
,49,-0.00014,-0.00027,-6.73112,639.02802,6.96800,1
,50,-0.00031,0.00222,-7.15241,83.14700,7.15200,1
,50,-0.00027,0.00188,-7.15241,342.37299,7.15200,1
,50,-0.00006,-0.00007,-7.15241,739.76703,7.05200,1
,50,0.00016,-0.00217,-7.15241,148.09399,7.15200,1
,51,-0.00031,0.00196,-7.57371,151.82100,7.54600,1
,51,-0.00010,0.00153,-7.57371,70.98800,7.54600,1
,51,-0.00003,0.00000,-7.57371,734.91400,7.50500,1
,51,0.00023,-0.00188,-7.57371,316.86099,7.54600,1
,51,0.00025,-0.00223,-7.57371,79.37900,7.54600,1
,52,-0.00237,-0.01681,-7.99500,87.30100,5.05100,1
,52,-0.00032,0.00208,-7.99500,66.51400,5.05100,1
,52,-0.00026,0.00180,-7.99500,68.65600,5.05100,1
,52,-0.00001,-0.00007,-7.99500,494.64301,5.03400,1
,52,0.00025,-0.00197,-7.99500,110.94100,5.05100,1
,53,-0.00236,-0.01695,-8.41629,72.33300,2.82100,1
,53,-0.00030,0.00206,-8.41629,27.70200,2.82100,1
,53,-0.00024,0.00168,-8.41629,127.51800,2.82100,1
,53,0.00004,-0.00018,-8.41629,259.95001,2.80700,1
,53,0.00033,-0.00215,-8.41629,56.49300,2.82100,1
,54,-0.00245,-0.01707,-8.83759,21.46100,2.01400,1
,54,0.00010,-0.00028,-8.83759,166.43201,2.00300,1
,55,0.00015,-0.00034,-9.25888,104.12500,1.41100,1
,55,0.01039,0.02174,-9.25888,11.21100,1.42000,1
,55,0.01802,0.04498,-9.25888,15.73300,1.41600,1
,56,0.00019,-0.00035,-9.68017,47.34600,1.07500,1
,56,0.01787,0.04496,-9.68017,11.10000,1.07000,1
,56,0.04344,0.05413,-9.68017,14.36700,1.08400,1
,56,0.04642,0.05284,-9.68017,8.88100,1.08400,1
,56,0.04667,0.05352,-9.68017,14.44000,1.08400,1
,57,0.00031,0.00002,-10.10147,18.00000,1.13400,1
,57,0.00407,0.00598,-10.10147,9.78300,1.14500,1
,57,0.00443,0.00593,-10.10147,6.38600,1.14500,1
,57,0.01784,0.04535,-10.10147,15.79200,1.14500,1
,57,0.04342,0.05421,-10.10147,21.34900,1.14500,1
,57,0.04654,0.05342,-10.10147,10.38500,1.13200,1
,57,0.04661,0.05287,-10.10147,8.60300,1.14200,1
,58,-0.00204,-0.00786,-10.52276,11.15400,1.16300,1
,58,-0.00191,-0.00889,-10.52276,6.51800,1.16300,1
,58,0.00043,0.00053,-10.52276,13.10500,1.15900,1
,58,0.00198,-0.00006,-10.52276,26.89000,1.16200,1
,58,0.00414,0.00572,-10.52276,8.12900,1.16300,1
,58,0.01780,0.04524,-10.52276,18.66000,1.15400,1
,59,-0.00196,-0.00833,-10.94405,38.23600,1.16300,1
,59,0.00043,0.00097,-10.94405,9.97900,1.14300,1
,59,0.00174,0.00194,-10.94405,11.94500,1.16300,1
,59,0.00200,0.00001,-10.94405,59.44200,1.16300,1
,59,0.00232,-0.00197,-10.94405,10.59400,1.16300,1
,60,-0.00193,-0.00836,-11.36535,52.62600,1.11600,1
,60,0.00170,0.00188,-11.36535,26.88500,1.11600,1
,60,0.00172,0.00224,-11.36535,5.81100,1.11600,1
,60,0.00200,0.00006,-11.36535,60.96000,1.11600,1
,60,0.00230,-0.00175,-11.36535,14.17700,1.11600,1
,61,-0.00191,-0.00833,-11.78664,35.83000,0.76100,1
,61,0.00200,0.00011,-11.78664,31.24900,0.76100,1
,61,0.03943,0.04819,-11.78664,19.12300,0.76100,1
,62,-0.00192,-0.00826,-12.20793,10.48800,0.40700,1
,62,0.00208,0.00044,-12.20793,7.46200,0.39400,1
,62,0.03943,0.04810,-12.20793,15.22000,0.40700,1
,62,0.07004,0.06949,-12.20793,11.00200,0.40700,1
,63,0.00282,0.00213,-12.62923,14.22300,0.30300,1
,63,0.06997,0.06931,-12.62923,11.51400,0.30600,1
,64,0.00165,-0.00011,-13.05052,8.98200,0.32400,1
,64,0.00279,0.00218,-13.05052,19.77400,0.32100,1
,64,0.06995,0.06921,-13.05052,6.70400,0.32400,1
,65,0.00164,-0.00019,-13.47181,18.53900,0.37600,1
,65,0.00277,0.00221,-13.47181,18.46600,0.37400,1
,65,0.04848,0.05861,-13.47181,11.80900,0.37600,1
,66,0.00163,-0.00024,-13.89311,20.26400,0.47100,1
,66,0.00278,0.00242,-13.89311,9.61400,0.47100,1
,66,0.04847,0.05853,-13.89311,30.54600,0.46700,1
,67,0.00141,-0.00026,-14.31440,6.15800,0.58200,1
,67,0.00177,-0.00030,-14.31440,8.30400,0.58200,1
,67,0.04827,0.06054,-14.31440,8.66500,0.58200,1
,67,0.04848,0.05849,-14.31440,47.29100,0.57300,1
,67,0.04876,0.05645,-14.31440,9.75300,0.58200,1
,68,0.04834,0.06071,-14.73569,6.07700,0.55400,1
,68,0.04853,0.05849,-14.73569,45.32200,0.54100,1
,68,0.04888,0.05627,-14.73569,6.62200,0.55400,1
,69,0.04861,0.05846,-15.15699,32.51800,0.41000,1
,70,0.04864,0.05836,-15.57828,21.17900,0.28900,1
,70,0.05572,0.06458,-15.57828,6.00500,0.29500,1
,71,0.00666,0.01391,-15.99957,1.85300,0.21000,1
,71,0.04864,0.05827,-15.99957,11.23100,0.20900,1
,71,0.05572,0.06457,-15.99957,10.40300,0.21100,1
,72,0.00674,0.01407,-16.42087,1.92100,0.17400,1
,72,0.04863,0.05825,-16.42087,3.23400,0.17600,1
,72,0.05573,0.06458,-16.42087,12.36600,0.17400,1
,73,0.05573,0.06456,-16.84216,9.72400,0.13900,1
,73,0.05603,0.06249,-16.84216,1.60200,0.14100,1
,74,0.02658,0.01435,-17.26345,1.87900,0.10200,1
,74,0.05577,0.06447,-17.26345,5.36500,0.09900,1
,74,0.05604,0.06231,-17.26345,2.83000,0.10200,1
,75,0.02657,0.01435,-17.68475,1.85800,0.09100,1
,75,0.05589,0.06433,-17.68475,2.29700,0.08800,1
,76,0.04878,0.08469,-18.10604,1.08600,0.10500,1
,77,0.04881,0.08472,-18.52733,1.20200,0.12800,1
,77,0.05804,0.05910,-18.52733,1.20300,0.12800,1
,77,0.06164,0.06267,-18.52733,1.38700,0.12800,1
,78,0.02508,-0.00183,-18.94863,1.97000,0.14400,1
,78,0.05799,0.05916,-18.94863,1.48800,0.14500,1
,78,0.06159,0.06261,-18.94863,1.22300,0.14500,1
,79,0.01186,0.02867,-19.36992,1.34400,0.14000,1
,79,0.02514,-0.00177,-19.36992,4.66400,0.13800,1
,79,0.05794,0.05915,-19.36992,1.44200,0.13900,1
,80,0.02521,-0.00165,-19.79121,5.88600,0.11800,1
,80,0.05799,0.05913,-19.79121,1.83800,0.12100,1
,81,0.02541,-0.00127,-20.21251,4.03600,0.09600,1
,81,0.03687,0.02405,-20.21251,1.32300,0.10100,1
,81,0.05802,0.05922,-20.21251,1.01200,0.10100,1
,82,0.02531,-0.00151,-20.63380,1.07800,0.10400,1
,82,0.02581,-0.00043,-20.63380,3.25400,0.10500,1
,82,0.03690,0.02394,-20.63380,3.22300,0.10500,1
,83,0.02043,0.04377,-21.05509,1.05800,0.12400,1
,83,0.02058,0.04456,-21.05509,1.91400,0.12400,1
,83,0.02588,-0.00040,-21.05509,2.32400,0.12300,1
,83,0.03688,0.02399,-21.05509,5.08500,0.12300,1
,84,0.02052,0.04444,-21.47639,8.35100,0.15700,1
,84,0.02546,0.01070,-21.47639,1.00200,0.15700,1
,84,0.03687,0.02404,-21.47639,4.04100,0.15700,1
,85,0.02053,0.04448,-21.89768,14.81600,0.20700,1
,86,0.02053,0.04451,-22.31897,13.26800,0.18400,1
,86,0.02082,0.04262,-22.31897,3.32200,0.18500,1
,86,0.02367,0.00967,-22.31897,1.07200,0.18500,1
,86,0.02368,0.01058,-22.31897,1.35700,0.18500,1
,87,0.02050,0.04453,-22.74027,6.05400,0.11800,1
,87,0.02079,0.04271,-22.74027,3.13300,0.11800,1
,87,0.02361,0.01006,-22.74027,4.15100,0.11800,1
,88,0.02044,0.04459,-23.16156,1.16000,0.09000,1
,88,0.02362,0.01002,-23.16156,5.29400,0.09000,1
,89,0.02364,0.01007,-23.58285,5.01200,0.08900,1
,90,0.02363,0.01019,-24.00415,4.05400,0.09000,1
,91,0.02358,0.01035,-24.42544,2.98400,0.08000,1
,91,0.02855,0.00345,-24.42544,1.39600,0.07900,1
,92,0.02350,0.01076,-24.84673,2.40300,0.07300,1
,92,0.02855,0.00347,-24.84673,1.24700,0.07300,1
,93,0.02333,0.01328,-25.26803,2.05000,0.07400,1
,93,0.02345,0.01126,-25.26803,2.88600,0.07100,1
,94,0.02340,0.01138,-25.68932,3.07000,0.07200,1
,94,0.02356,0.00931,-25.68932,2.31700,0.07500,1
,95,0.02340,0.01166,-26.11061,1.99600,0.06700,1
,95,0.02363,0.00971,-26.11061,1.05400,0.06800,1
,31,0.05789,0.07005,0.85216,2.04900,0.06500,1
,32,0.05782,0.06995,0.43087,5.63500,0.08900,1
,33,0.05778,0.06992,0.00957,16.48000,0.20400,1
,34,0.05730,0.06772,-0.41172,2.35900,0.35600,1
,34,0.05751,0.07195,-0.41172,5.62300,0.35600,1
,34,0.05776,0.06992,-0.41172,29.80900,0.35500,1
,34,0.05805,0.06802,-0.41172,7.15400,0.35600,1
,35,0.05751,0.07222,-0.83301,3.06500,0.37600,1
,35,0.05754,0.07188,-0.83301,13.44900,0.37600,1
,35,0.05779,0.06994,-0.83301,31.49600,0.37300,1
,35,0.05802,0.06792,-0.83301,9.15400,0.37600,1
,35,0.05822,0.06758,-0.83301,2.91200,0.37600,1
,36,0.05767,0.07214,-1.25431,5.03900,0.34500,1
,36,0.05790,0.07001,-1.25431,28.77500,0.33900,1
,36,0.05819,0.06784,-1.25431,4.67900,0.34500,1
,37,0.05775,0.07214,-1.67560,5.01600,0.32400,1
,37,0.05799,0.07007,-1.67560,26.69400,0.31800,1
,37,0.05825,0.06812,-1.67560,11.63600,0.32400,1
,37,0.05831,0.06775,-1.67560,2.88600,0.32400,1
,38,0.05798,0.07007,-2.09689,17.47300,0.22000,1
,39,0.05790,0.07004,-2.51819,8.63600,0.16200,1
,40,0.05781,0.07001,-2.93948,4.66000,0.21200,1
,41,0.05780,0.06996,-3.36077,2.66600,0.17100,1
,42,0.01502,0.02509,-3.78207,3.82400,0.11100,1
,42,0.01928,0.03907,-3.78207,2.02200,0.11000,1
,43,0.01503,0.02516,-4.20336,9.76900,0.14500,1
,43,0.01925,0.03909,-4.20336,2.83100,0.14400,1
,44,0.01505,0.02518,-4.62465,20.74200,0.28100,1
,45,0.01507,0.02517,-5.04595,33.59100,0.53800,1
,46,0.01506,0.02514,-5.46724,30.20600,1.34400,1
,54,0.01811,0.04481,-8.83759,19.21700,2.02600,1
,55,0.01043,0.02155,-9.25888,11.98100,1.39700,1
,55,0.01804,0.04494,-9.25888,15.62700,1.39600,1
,55,0.04648,0.05289,-9.25888,8.27900,1.39700,1
,55,0.04661,0.05390,-9.25888,11.51500,1.39700,1
,56,0.01058,0.02174,-9.68017,9.53300,0.97900,1
,56,0.01782,0.04499,-9.68017,9.60100,0.97600,1
,56,0.01816,0.04510,-9.68017,6.23000,0.97900,1
,56,0.04339,0.05373,-9.68017,6.41900,0.97900,1
,56,0.04349,0.05443,-9.68017,9.77900,0.97900,1
,56,0.04651,0.05343,-9.68017,12.43600,0.97400,1
,56,0.04659,0.05298,-9.68017,6.37500,0.97600,1
,57,0.01778,0.04482,-10.10147,6.46700,0.96000,1
,57,0.01785,0.04540,-10.10147,12.27200,1.00000,1
,57,0.04343,0.05425,-10.10147,20.92900,1.00000,1
,57,0.04657,0.05320,-10.10147,17.96500,0.99500,1
,58,0.01769,0.04502,-10.52276,10.23300,1.02300,1
,58,0.01790,0.04550,-10.52276,11.65700,1.04200,1
,58,0.02029,0.01047,-10.52276,7.93200,1.00900,1
,58,0.04343,0.05432,-10.52276,20.62500,1.04200,1
,58,0.04660,0.05324,-10.52276,13.65000,1.04200,1
,59,0.00960,0.00824,-10.94405,7.81600,1.21800,1
,59,0.02053,0.00993,-10.94405,6.95000,1.21600,1
,60,0.00961,0.00845,-11.36535,10.14800,1.29900,1
,61,0.00960,0.00855,-11.78664,5.92900,0.86900,1
,61,0.03943,0.04825,-11.78664,17.74400,0.86900,1
,61,0.07010,0.06982,-11.78664,6.27700,0.86900,1
,62,0.03943,0.04816,-12.20793,14.86400,0.42200,1
,62,0.07004,0.06953,-12.20793,10.48100,0.42200,1
,63,0.06997,0.06932,-12.62923,11.27600,0.31100,1
,64,0.06995,0.06920,-13.05052,6.35000,0.33700,1
,65,0.04848,0.05864,-13.47181,11.70500,0.40200,1
,66,0.04817,0.06082,-13.89311,2.77700,0.50600,1
,66,0.04819,0.06048,-13.89311,12.70800,0.50600,1
,66,0.04847,0.05853,-13.89311,30.47900,0.50000,1
,67,0.04827,0.06054,-14.31440,8.59900,0.58800,1
,67,0.04848,0.05849,-14.31440,46.88800,0.57900,1
,67,0.04876,0.05645,-14.31440,9.66400,0.58800,1
,68,0.04834,0.06071,-14.73569,5.81000,0.54800,1
,68,0.04853,0.05848,-14.73569,45.33500,0.53600,1
,68,0.04889,0.05627,-14.73569,6.65800,0.54800,1
,69,0.04861,0.05845,-15.15699,32.41100,0.39800,1
,70,0.04849,0.05800,-15.57828,13.84500,0.29500,1
,70,0.04882,0.05875,-15.57828,12.81900,0.29000,1
,70,0.05573,0.06459,-15.57828,6.15500,0.29500,1
,71,0.04858,0.05809,-15.99957,9.42800,0.21400,1
,71,0.04893,0.05887,-15.99957,3.34700,0.20900,1
,71,0.05572,0.06457,-15.99957,10.53300,0.21300,1
,72,0.04861,0.05822,-16.42087,3.16400,0.17700,1
,72,0.05573,0.06457,-16.42087,12.32500,0.17500,1
,72,0.05613,0.06246,-16.42087,1.58100,0.17700,1
,73,0.05574,0.06455,-16.84216,9.65100,0.13600,1
,73,0.05612,0.06244,-16.84216,1.42700,0.13800,1
,74,0.02658,0.01439,-17.26345,1.90900,0.09800,1
,74,0.05577,0.06447,-17.26345,5.26500,0.09600,1
,75,0.02658,0.01435,-17.68475,1.96300,0.09000,1
,75,0.05587,0.06436,-17.68475,2.25900,0.08700,1
,76,0.04889,0.08537,-18.10604,1.07100,0.09800,1
,77,0.04876,0.08470,-18.52733,1.00400,0.11600,1
,77,0.05803,0.05919,-18.52733,1.36600,0.11600,1
,77,0.06164,0.06295,-18.52733,1.54300,0.11500,1
,78,0.01163,0.02912,-18.94863,1.00400,0.13000,1
,78,0.05805,0.05909,-18.94863,1.70300,0.13000,1
,78,0.06162,0.06296,-18.94863,1.66500,0.12800,1
,79,0.01199,0.02893,-19.36992,1.12200,0.13300,1
,79,0.05799,0.05917,-19.36992,2.05300,0.13300,1
,80,0.01194,0.02887,-19.79121,1.21400,0.12200,1
,80,0.05798,0.05904,-19.79121,1.91400,0.12200,1
,81,0.05800,0.05922,-20.21251,1.09000,0.10500,1
,82,0.03689,0.02395,-20.63380,3.36800,0.10600,1
,83,0.02047,0.04357,-21.05509,1.06100,0.12800,1
,83,0.02057,0.04452,-21.05509,1.99000,0.12800,1
,83,0.03689,0.02398,-21.05509,5.16600,0.12700,1
,84,0.02052,0.04444,-21.47639,8.31900,0.15900,1
,84,0.02553,0.01060,-21.47639,1.09200,0.15900,1
,84,0.03687,0.02404,-21.47639,4.05100,0.15900,1
,85,0.02053,0.04448,-21.89768,14.59800,0.20400,1
,85,0.02546,0.01048,-21.89768,1.06400,0.20500,1
,85,0.02987,0.02835,-21.89768,1.16800,0.20500,1
,86,0.02053,0.04449,-22.31897,13.24200,0.18400,1
,86,0.02352,0.01016,-22.31897,2.00900,0.18400,1
,86,0.02995,0.02816,-22.31897,1.21600,0.18400,1
,87,0.02050,0.04450,-22.74027,6.07600,0.11700,1
,87,0.02362,0.01005,-22.74027,4.31000,0.11700,1
,88,0.02046,0.04454,-23.16156,1.37200,0.09100,1
,88,0.02362,0.01002,-23.16156,5.24900,0.09000,1
,89,0.02364,0.01006,-23.58285,5.02100,0.09200,1
,90,0.02364,0.01018,-24.00415,4.07600,0.08600,1
,91,0.02328,0.01229,-24.42544,1.51700,0.07900,1
,91,0.02358,0.01036,-24.42544,3.04500,0.07800,1
,92,0.02326,0.01289,-24.84673,1.54800,0.07300,1
,92,0.02350,0.01079,-24.84673,2.46700,0.07000,1
,93,0.02332,0.01329,-25.26803,2.37300,0.07500,1
,93,0.02344,0.01123,-25.26803,2.95200,0.07100,1
,94,0.02337,0.01349,-25.68932,3.39800,0.07400,1
,94,0.02340,0.01134,-25.68932,3.12100,0.07100,1
,95,0.02341,0.01168,-26.11061,1.96900,0.06600,1
,50,0.24918,-0.09764,-7.15241,69.74500,12.57700,1
,51,0.24921,-0.09767,-7.57371,247.63800,11.61900,1
,51,0.24936,-0.09880,-7.57371,69.63600,11.61900,1
,52,0.24922,-0.09762,-7.99500,149.61400,7.78200,1
,52,0.24935,-0.09870,-7.99500,55.24200,7.78200,1
,55,0.24688,-0.11311,-9.25888,11.52600,1.88000,1
,56,0.24696,-0.11304,-9.68017,5.82100,1.15400,1
,32,0.41208,-2.41010,0.43087,1.56200,0.07200,1
,33,0.41212,-2.41027,0.00957,4.61300,0.14300,1
,34,0.41214,-2.41042,-0.41172,7.68300,0.23500,1
,35,0.41214,-2.41052,-0.83301,7.20100,0.25700,1
,36,0.41211,-2.41039,-1.25431,4.33400,0.25700,1
,37,0.41177,-2.41035,-1.67560,1.49300,0.23700,1
,37,0.41182,-2.40947,-1.67560,3.84800,0.23600,1
,38,0.41186,-2.41018,-2.09689,6.47900,0.17300,1
,39,0.41179,-2.40948,-2.51819,7.15700,0.26700,1
,39,0.41209,-2.41142,-2.51819,19.05600,0.26200,1
,40,0.41180,-2.40958,-2.93948,9.41900,0.45900,1
,40,0.41211,-2.41157,-2.93948,34.75100,0.45500,1
,41,0.41185,-2.40978,-3.36077,8.74300,0.37200,1
,41,0.41212,-2.41161,-3.36077,27.40900,0.36900,1
,42,0.41183,-2.40962,-3.78207,2.12900,0.13500,1
,42,0.41212,-2.41160,-3.78207,8.66200,0.13400,1
,54,0.74328,-3.99405,-8.83759,5.57100,1.11200,1
,55,0.74302,-3.99335,-9.25888,4.90200,0.89700,1
,107,0.78527,-3.99634,-31.16613,1.40700,0.05800,1
,108,0.78498,-3.99451,-31.58743,1.50300,0.07700,1
,108,0.78526,-3.99644,-31.58743,3.71600,0.07600,1
,109,0.78501,-3.99467,-32.00872,1.36800,0.09500,1
,109,0.78525,-3.99645,-32.00872,4.77500,0.09500,1
,109,0.87355,-4.05862,-32.00872,1.11000,0.09500,1
,110,0.78510,-3.99472,-32.43001,1.61000,0.08300,1
,110,0.78526,-3.99644,-32.43001,2.95000,0.08300,1
,110,0.87355,-4.05858,-32.43001,1.66300,0.08300,1
,111,0.87358,-4.05851,-32.85131,1.17600,0.06400,1
,100,0.90121,-4.82034,-28.21708,1.50500,0.06100,1
,101,0.90118,-4.82045,-28.63837,1.59000,0.06400,1
,102,0.90109,-4.82063,-29.05967,1.10700,0.06200,1
,52,0.61458,-5.36370,-7.99500,9.64700,1.75600,1
,53,0.61297,-5.35995,-8.41629,6.27000,1.12900,1
,53,0.61462,-5.36383,-8.41629,15.85500,1.10400,1
,53,0.61466,-5.36171,-8.41629,9.48900,1.13700,1
,54,0.61297,-5.35992,-8.83759,12.76200,1.03900,1
,54,0.61463,-5.36338,-8.83759,27.86700,1.01300,1
,54,0.61466,-5.36139,-8.83759,28.52900,1.03900,1
,55,0.61435,-5.36094,-9.25888,10.93400,1.44200,1
,55,0.61464,-5.36306,-9.25888,40.27300,1.39900,1
,55,0.61464,-5.36136,-9.25888,59.47900,1.44200,1
,55,0.61493,-5.36309,-9.25888,24.25300,1.44200,1
,56,0.61462,-5.36182,-9.68017,122.41600,2.09800,1
,56,0.63660,-5.39248,-9.68017,11.85800,2.03300,1
,57,0.61293,-5.35982,-10.10147,35.27500,2.62800,1
,57,0.61311,-5.35863,-10.10147,38.82200,2.62800,1
,57,0.61461,-5.36176,-10.10147,156.08501,2.59300,1
,57,0.63658,-5.39226,-10.10147,15.38300,2.54200,1
,58,0.61294,-5.35993,-10.52276,30.35900,2.57000,1
,58,0.61310,-5.35878,-10.52276,40.60700,2.57000,1
,58,0.61460,-5.36175,-10.52276,151.04601,2.53500,1
,58,0.63531,-5.38939,-10.52276,13.30100,2.54300,1
,59,0.61461,-5.36176,-10.94405,114.99200,1.94500,1
,59,0.63542,-5.38918,-10.94405,11.70000,1.88400,1
,60,0.61311,-5.35962,-11.36535,19.87800,1.22200,1
,60,0.61457,-5.36172,-11.36535,71.93900,1.25500,1
,61,0.61314,-5.35976,-11.78664,11.01900,0.70300,1
,61,0.61455,-5.36198,-11.78664,34.64000,0.75000,1
,61,0.61460,-5.36096,-11.78664,18.76800,0.75200,1
,62,0.61284,-5.35903,-12.20793,6.78400,0.41000,1
,62,0.61449,-5.36158,-12.20793,25.04700,0.41700,1
,63,0.61446,-5.36146,-12.62923,15.40600,0.26600,1
,63,0.63654,-5.39185,-12.62923,1.68400,0.27100,1
,64,0.61440,-5.36191,-13.05052,4.91700,0.18900,1
,64,0.61446,-5.36094,-13.05052,5.80600,0.19200,1
,64,0.63648,-5.39132,-13.05052,1.17200,0.18800,1
,65,0.61434,-5.36191,-13.47181,2.49100,0.16300,1
,65,0.61442,-5.36100,-13.47181,3.28100,0.16700,1
,65,0.63647,-5.39118,-13.47181,1.02800,0.16000,1
,66,0.61428,-5.36207,-13.89311,1.15000,0.17100,1
,66,0.61438,-5.36114,-13.89311,2.16400,0.17700,1
,66,0.63646,-5.39132,-13.89311,1.15100,0.16600,1
,67,0.61417,-5.36142,-14.31440,1.10700,0.22100,1
,67,0.63663,-5.39159,-14.31440,1.45800,0.20700,1
,68,0.63666,-5.39141,-14.73569,1.30900,0.21300,1
,69,0.61414,-5.35800,-15.15699,3.86000,0.19500,1
,70,0.61414,-5.35753,-15.57828,2.92900,0.14900,1
,70,0.61416,-5.35855,-15.57828,2.43200,0.14900,1
,71,0.61400,-5.35796,-15.99957,2.04300,0.10700,1
,71,0.61437,-5.35814,-15.99957,1.53700,0.10700,1
,73,0.68622,-5.29345,-16.84216,1.13400,0.08100,1
,74,0.68463,-5.28999,-17.26345,1.09600,0.10400,1
,74,0.68624,-5.29321,-17.26345,4.38600,0.10300,1
,75,0.68451,-5.29001,-17.68475,2.24700,0.15700,1
,75,0.68616,-5.29315,-17.68475,7.82100,0.15700,1
,76,0.68601,-5.29301,-18.10604,11.68600,0.21400,1
,77,0.68582,-5.29309,-18.52733,12.31500,0.29400,1
,77,0.68583,-5.29220,-18.52733,7.45400,0.29400,1
,78,0.68101,-5.28672,-18.94863,2.37300,0.34600,1
,78,0.68125,-5.28627,-18.94863,5.01600,0.34600,1
,78,0.68572,-5.29295,-18.94863,15.49300,0.34600,1
,78,0.68584,-5.29223,-18.94863,7.92200,0.34600,1
,79,0.68119,-5.28629,-19.36992,4.95900,0.30700,1
,79,0.68573,-5.29272,-19.36992,17.67000,0.30700,1
,80,0.68574,-5.29278,-19.79121,11.61400,0.20500,1
,81,0.68570,-5.29310,-20.21251,4.89500,0.13900,1
,81,0.68576,-5.29225,-20.21251,2.88100,0.13900,1
,82,0.68562,-5.29268,-20.63380,1.96600,0.13600,1
,82,0.68580,-5.29286,-20.63380,1.41100,0.13400,1
,83,0.68569,-5.29253,-21.05509,1.06300,0.14900,1
,88,0.66202,-5.24899,-23.16156,3.09500,0.09100,1
,89,0.66031,-5.24623,-23.58285,1.56200,0.12300,1
,89,0.66200,-5.24894,-23.58285,6.30500,0.12500,1
,89,0.66233,-5.25081,-23.58285,1.50200,0.12500,1
,90,0.66032,-5.24611,-24.00415,1.85200,0.15000,1
,90,0.66166,-5.24711,-24.00415,2.27500,0.15100,1
,90,0.66196,-5.24891,-24.00415,8.66500,0.15100,1
,90,0.66227,-5.25068,-24.00415,4.50800,0.15100,1
,90,0.66232,-5.25107,-24.00415,1.28700,0.15100,1
,91,0.66029,-5.24602,-24.42544,1.77600,0.13700,1
,91,0.66160,-5.24709,-24.42544,2.08600,0.14000,1
,91,0.66192,-5.24889,-24.42544,7.85400,0.14000,1
,91,0.66222,-5.25081,-24.42544,1.92600,0.14000,1
,92,0.66028,-5.24604,-24.84673,1.07500,0.09700,1
,92,0.66187,-5.24884,-24.84673,4.72100,0.09900,1
,93,0.66185,-5.24872,-25.26803,1.88000,0.07300,1
,41,0.79958,-5.47578,-3.36077,1.00800,0.18200,1
,41,0.79991,-5.47464,-3.36077,1.49400,0.19700,1
,42,0.79963,-5.47561,-3.78207,1.28300,0.08200,1
,42,0.79990,-5.47442,-3.78207,1.56700,0.08600,1
,43,0.79961,-5.47539,-4.20336,1.36800,0.08700,1
,43,0.79988,-5.47425,-4.20336,1.08200,0.09200,1
,82,0.79234,-5.47654,-20.63380,1.55600,0.12800,1
,82,0.84207,-5.44453,-20.63380,1.70200,0.12800,1
,82,0.84307,-5.44435,-20.63380,1.20500,0.13100,1
,82,0.84314,-5.44543,-20.63380,2.10200,0.13100,1
,83,0.79125,-5.47491,-21.05509,1.07500,0.11000,1
,83,0.79237,-5.47640,-21.05509,1.64500,0.12100,1
,83,0.84201,-5.44463,-21.05509,1.74900,0.12000,1
,83,0.84294,-5.44471,-21.05509,3.42500,0.11800,1
,84,0.79133,-5.47516,-21.47639,1.53200,0.11200,1
,84,0.79230,-5.47636,-21.47639,2.32400,0.11300,1
,84,0.84224,-5.44474,-21.47639,1.14800,0.10600,1
,84,0.84283,-5.44409,-21.47639,2.01900,0.11400,1
,85,0.79130,-5.47528,-21.89768,1.76300,0.12700,1
,85,0.79226,-5.47648,-21.89768,1.63400,0.12800,1
,86,0.79172,-5.47502,-22.31897,1.01600,0.11500,1
,86,0.79197,-5.47625,-22.31897,1.06100,0.10700,1
,87,0.79194,-5.47575,-22.74027,1.14400,0.09100,1
,90,0.74229,-5.40422,-24.00415,1.28000,0.20800,1
,91,0.74243,-5.40464,-24.42544,1.14600,0.18200,1
