,#NO,RA,DEC,VLSR,FLUX,DFLUX,??
,34,0.06258,0.09179,-0.40326,5.23500,0.10100,1
,35,0.06255,0.09180,-0.82455,12.16400,0.21300,1
,36,0.06253,0.09177,-1.24584,15.07800,0.25500,1
,37,0.06249,0.09176,-1.66712,10.11100,0.17400,1
,38,0.06241,0.09172,-2.08841,3.18500,0.07200,1
,39,0.02708,0.06128,-2.50970,1.69000,0.05900,1
,39,0.06156,0.09050,-2.50970,1.43500,0.05900,1
,40,0.02187,0.06069,-2.93098,1.03700,0.07400,1
,40,0.02223,0.05905,-2.93098,1.25400,0.07400,1
,40,0.02716,0.06120,-2.93098,1.75100,0.07300,1
,40,0.06166,0.09054,-2.93098,1.63000,0.07300,1
,41,0.02182,0.06082,-3.35227,1.54500,0.14800,1
,41,0.02220,0.05891,-3.35227,5.79600,0.14800,1
,42,0.02221,0.05882,-3.77356,13.51700,0.32300,1
,43,0.02221,0.05881,-4.19485,17.96900,0.54300,1
,43,0.02865,0.06566,-4.19485,8.94400,0.54300,1
,43,0.06184,0.09088,-4.19485,11.32500,0.54300,1
,43,0.06233,0.09034,-4.19485,3.65000,0.53900,1
,44,0.02215,0.05920,-4.61613,8.29800,0.87000,1
,44,0.02231,0.05813,-4.61613,5.07600,0.87000,1
,44,0.02639,0.04810,-4.61613,5.18500,0.87000,1
,44,0.02869,0.06555,-4.61613,30.64700,0.87000,1
,44,0.06192,0.09087,-4.61613,22.16100,0.87000,1
,45,0.00489,0.02952,-5.03742,8.27700,1.43200,1
,45,0.02612,0.04844,-5.03742,16.52400,1.43200,1
,45,0.02871,0.06549,-5.03742,61.92200,1.43200,1
,46,-0.00100,0.00806,-5.45871,14.99100,1.62900,1
,46,0.00490,0.02951,-5.45871,10.23900,1.62900,1
,46,0.02874,0.06548,-5.45871,69.98900,1.62900,1
,47,-0.04725,-0.08017,-5.88000,10.49200,1.51500,1
,47,-0.04718,-0.07941,-5.88000,18.19000,1.50700,1
,47,-0.00098,0.00823,-5.88000,34.86300,1.51500,1
,47,0.01807,0.04497,-5.88000,16.85600,1.51500,1
,47,0.02873,0.06555,-5.88000,43.62500,1.51500,1
,48,-0.04720,-0.07985,-6.30128,74.22700,2.13700,1
,49,-0.05115,-0.05601,-6.72257,81.00400,3.61100,1
,49,-0.05073,-0.05629,-6.72257,33.94900,3.61100,1
,49,-0.04724,-0.07993,-6.72257,100.75400,3.61100,1
,49,-0.00003,0.00005,-6.72257,175.12399,3.61100,1
,50,-0.05127,-0.05587,-7.14386,121.11100,5.49500,1
,50,-0.05086,-0.05602,-7.14386,89.18700,5.49500,1
,50,-0.04740,-0.08017,-7.14386,48.70300,5.49500,1
,50,-0.04706,-0.08006,-7.14386,37.17400,5.49500,1
,50,-0.00002,0.00000,-7.14386,400.53601,5.49500,1
,51,-0.05195,-0.05941,-7.56514,83.25700,6.01100,1
,51,-0.05155,-0.05966,-7.56514,51.05100,6.01100,1
,51,-0.05112,-0.05589,-7.56514,115.72700,6.01100,1
,51,-0.00060,0.00180,-7.56514,129.69901,6.01100,1
,51,0.00000,-0.00002,-7.56514,492.42899,6.01100,1
,51,0.00055,-0.00198,-7.56514,123.17100,6.01100,1
,52,-0.05195,-0.05946,-7.98643,78.30400,4.69100,1
,52,-0.05157,-0.05958,-7.98643,40.89500,4.69100,1
,52,-0.00074,0.00234,-7.98643,39.72100,4.69100,1
,52,-0.00053,0.00189,-7.98643,166.81400,4.69100,1
,52,0.00003,-0.00004,-7.98643,356.38199,4.69100,1
,52,0.00054,-0.00195,-7.98643,89.33700,4.69100,1
,52,0.00265,0.01673,-7.98643,74.09500,4.69100,1
,52,0.00266,0.01578,-7.98643,31.33900,4.69100,1
,53,0.00010,-0.00011,-8.40772,184.00900,3.19400,1
,53,0.00262,0.01650,-8.40772,76.67600,3.19400,1
,53,0.00274,0.01698,-8.40772,19.57500,3.19400,1
,54,0.00019,-0.00023,-8.82901,83.29600,2.22100,1
,54,0.00259,0.01714,-8.82901,42.59400,2.22100,1
,54,0.00278,0.01604,-8.82901,36.03600,2.22100,1
,55,0.00027,-0.00031,-9.25029,36.95400,1.73700,1
,56,0.00043,-0.00052,-9.67158,18.75100,1.53900,1
,56,0.02696,0.07123,-9.67158,11.61500,1.53900,1
,56,0.05449,0.07587,-9.67158,8.07600,1.53900,1
,56,0.05476,0.07624,-9.67158,14.89400,1.53900,1
,57,-0.02022,-0.02032,-10.09287,10.04600,1.47400,1
,57,0.00080,-0.00115,-10.09287,12.27300,1.47400,1
,57,0.00275,0.01819,-10.09287,13.43400,1.47400,1
,57,0.00291,0.01769,-10.09287,42.99600,1.47400,1
,57,0.00346,0.01574,-10.09287,60.50000,1.45600,1
,57,0.00351,0.01556,-10.09287,36.07200,1.47400,1
,57,0.00417,0.01351,-10.09287,18.83300,1.47400,1
,58,-0.02004,-0.02034,-10.51416,14.22900,1.40300,1
,58,0.00095,-0.00122,-10.51416,13.86100,1.40300,1
,58,0.00297,0.01797,-10.51416,12.64700,1.40300,1
,58,0.00310,0.01749,-10.51416,44.81900,1.40300,1
,58,0.00359,0.01569,-10.51416,65.78900,1.40100,1
,58,0.00416,0.01371,-10.51416,33.10700,1.40300,1
,58,0.00465,0.01278,-10.51416,12.55600,1.40300,1
,59,-0.02003,-0.02030,-10.93544,12.35700,1.20700,1
,59,0.00093,-0.00117,-10.93544,9.88500,1.20700,1
,59,0.00363,0.01569,-10.93544,52.84100,1.20700,1
,59,0.00450,0.01319,-10.93544,14.00100,1.20700,1
,60,-0.02004,-0.02068,-11.35673,4.45800,0.88700,1
,60,0.00091,-0.00116,-11.35673,5.05700,0.88700,1
,60,0.00362,0.01573,-11.35673,28.56900,0.88700,1
,60,0.00454,0.01309,-11.35673,9.02100,0.88700,1
,60,0.04912,0.07554,-11.35673,15.41500,0.88700,1
,61,0.00356,0.01610,-11.77802,7.24200,0.86500,1
,61,0.04651,0.05865,-11.77802,12.58400,0.86500,1
,61,0.04904,0.07573,-11.77802,37.42600,0.86500,1
,62,0.04651,0.05868,-12.19930,16.31000,0.99700,1
,62,0.04854,0.07811,-12.19930,6.84700,0.99700,1
,62,0.04863,0.07769,-12.19930,26.92700,0.99700,1
,62,0.04905,0.07576,-12.19930,53.47700,0.99700,1
,63,0.04648,0.05864,-12.62059,16.16500,1.08200,1
,63,0.04863,0.07782,-12.62059,14.22600,1.08200,1
,63,0.04907,0.07578,-12.62059,60.52500,1.08200,1
,64,0.02537,0.03996,-13.04188,9.55700,0.97600,1
,64,0.04643,0.05882,-13.04188,14.28500,0.97600,1
,64,0.04907,0.07581,-13.04188,54.25900,0.97600,1
,64,0.04966,0.07364,-13.04188,11.51300,0.97600,1
,65,0.02532,0.03992,-13.46317,6.00900,0.61800,1
,65,0.04642,0.05885,-13.46317,8.93900,0.61800,1
,65,0.04905,0.07581,-13.46317,33.69900,0.61800,1
,65,0.04970,0.07359,-13.46317,6.99600,0.61800,1
,66,0.04903,0.07575,-13.88445,12.62500,0.29000,1
,67,0.05179,0.08229,-14.30574,10.06700,0.37000,1
,67,0.05190,0.08282,-14.30574,2.49200,0.37000,1
,67,0.05221,0.08046,-14.30574,16.93500,0.37000,1
,68,0.04958,0.06345,-14.72703,7.01800,0.54200,1
,68,0.05188,0.08245,-14.72703,6.36300,0.54200,1
,68,0.05221,0.08046,-14.72703,26.01500,0.54200,1
,68,0.05246,0.07860,-14.72703,4.90800,0.54200,1
,68,0.05292,0.07807,-14.72703,4.39600,0.54200,1
,69,0.04953,0.06355,-15.14831,4.63900,0.46700,1
,69,0.05221,0.08052,-15.14831,19.23400,0.46700,1
,70,0.04634,0.07813,-15.56960,11.08400,0.34700,1
,70,0.04681,0.07787,-15.56960,4.54800,0.34700,1
,70,0.05222,0.08031,-15.56960,6.27400,0.34700,1
,71,0.04653,0.07815,-15.99089,15.48900,0.30400,1
,72,0.04656,0.07819,-16.41218,8.98000,0.20800,1
,74,0.06518,0.08902,-17.25475,8.88900,0.21300,1
,75,0.04114,0.04914,-17.67604,1.83400,0.18900,1
,75,0.04141,0.04946,-17.67604,2.37700,0.18900,1
,75,0.06519,0.08896,-17.67604,7.71000,0.18900,1
,76,0.01759,0.01405,-18.09733,1.56700,0.23100,1
,76,0.04127,0.04948,-18.09733,10.30000,0.22700,1
,77,0.04125,0.04910,-18.51861,13.08900,0.27500,1
,78,0.04124,0.04855,-18.93990,13.13300,0.28200,1
,79,0.04123,0.04833,-19.36119,9.23100,0.19700,1
,80,0.04121,0.04826,-19.78247,3.59500,0.09000,1
,81,0.08972,0.09169,-20.20376,2.27400,0.06100,1
,82,0.08968,0.09171,-20.62505,2.91300,0.06400,1
,83,0.08966,0.09169,-21.04634,2.05900,0.05600,1
,84,0.04164,0.02191,-21.46762,1.13800,0.05000,1
,85,0.02731,0.03003,-21.88891,1.24500,0.05800,1
,85,0.04163,0.02187,-21.88891,1.53500,0.05800,1
,86,0.02748,0.02973,-22.31020,1.92500,0.06700,1
,86,0.07832,0.08552,-22.31020,1.02000,0.06700,1
,87,0.02731,0.02970,-22.73149,3.90700,0.08400,1
,87,0.07830,0.08549,-22.73149,1.40600,0.08400,1
,88,0.02450,0.01265,-23.15277,1.16300,0.10700,1
,88,0.02680,0.03167,-23.15277,1.44900,0.10700,1
,88,0.02728,0.02960,-23.15277,5.67400,0.10700,1
,88,0.02788,0.02740,-23.15277,1.19300,0.10700,1
,88,0.07842,0.08537,-23.15277,2.20000,0.10700,1
,89,0.02462,0.01241,-23.57406,2.22300,0.15800,1
,89,0.02668,0.03178,-23.57406,1.32900,0.15800,1
,89,0.02681,0.03129,-23.57406,4.75400,0.15800,1
,89,0.02724,0.02939,-23.57406,8.42600,0.15800,1
,89,0.02769,0.02751,-23.57406,5.10200,0.15800,1
,89,0.02788,0.02699,-23.57406,1.27300,0.15800,1
,90,0.02720,0.02917,-23.99535,14.65600,0.27300,1
,90,0.07825,0.08440,-23.99535,1.77500,0.27400,1
,90,0.07841,0.08501,-23.99535,4.69000,0.27400,1
,91,0.02449,0.01205,-24.41663,5.26000,0.39100,1
,91,0.02671,0.03107,-24.41663,5.64900,0.39100,1
,91,0.02718,0.02904,-24.41663,21.96500,0.39100,1
,91,0.02767,0.02711,-24.41663,12.08500,0.39100,1
,91,0.02819,0.02634,-24.41663,2.98800,0.39100,1
,91,0.07808,0.08465,-24.41663,3.06900,0.39100,1
,91,0.07839,0.08486,-24.41663,7.41400,0.39100,1
,92,0.02447,0.01202,-24.83792,4.83700,0.36700,1
,92,0.02487,0.01215,-24.83792,1.99600,0.36700,1
,92,0.02670,0.03105,-24.83792,5.07100,0.36700,1
,92,0.02717,0.02900,-24.83792,20.90000,0.36700,1
,92,0.02789,0.02674,-24.83792,4.27200,0.36700,1
,92,0.07830,0.08481,-24.83792,8.42500,0.36700,1
,93,0.02719,0.02898,-25.25921,11.69300,0.20900,1
,94,0.02721,0.02904,-25.68050,4.27400,0.08700,1
,95,0.02723,0.02920,-26.10178,1.30200,0.04600,1
,100,0.03658,0.01705,-28.20822,1.11200,0.05100,1
,101,0.03656,0.01719,-28.62951,1.27500,0.04800,1
,34,0.06256,0.09180,-0.40326,5.12200,0.10400,1
,35,0.06255,0.09180,-0.82455,11.92500,0.21400,1
,36,0.06252,0.09177,-1.24584,14.74900,0.25800,1
,37,0.06249,0.09176,-1.66712,9.94900,0.17500,1
,38,0.06242,0.09173,-2.08841,3.24400,0.07700,1
,39,0.02707,0.06134,-2.50970,1.73100,0.06200,1
,39,0.06155,0.09049,-2.50970,1.37800,0.06200,1
,40,0.02219,0.05907,-2.93098,1.39700,0.07700,1
,40,0.02714,0.06127,-2.93098,1.71600,0.07700,1
,40,0.06166,0.09050,-2.93098,1.41200,0.07700,1
,41,0.02219,0.05893,-3.35227,6.02900,0.14200,1
,42,0.02218,0.05887,-3.77356,14.02200,0.30600,1
,43,0.02218,0.05883,-4.19485,19.15200,0.54700,1
,43,0.02868,0.06568,-4.19485,10.23000,0.54700,1
,43,0.06180,0.09035,-4.19485,3.59900,0.54700,1
,43,0.06196,0.09102,-4.19485,11.02700,0.54700,1
,44,0.02215,0.05938,-4.61613,7.97100,0.89200,1
,44,0.02223,0.05833,-4.61613,8.82700,0.89200,1
,44,0.02870,0.06554,-4.61613,32.65700,0.89200,1
,44,0.06191,0.09025,-4.61613,9.58300,0.89200,1
,44,0.06191,0.09123,-4.61613,17.90100,0.89200,1
,45,0.01814,0.04465,-5.03742,8.94500,1.29200,1
,45,0.02588,0.04855,-5.03742,9.47000,1.29200,1
,45,0.02627,0.04840,-5.03742,13.33400,1.29200,1
,45,0.02871,0.06550,-5.03742,63.17100,1.29200,1
,45,0.02955,0.06316,-5.03742,12.65400,1.29200,1
,46,0.01807,0.04472,-5.45871,16.35900,1.45900,1
,46,0.01846,0.04472,-5.45871,8.72700,1.45900,1
,46,0.02581,0.04867,-5.45871,9.01000,1.45900,1
,46,0.02623,0.04842,-5.45871,16.86300,1.45900,1
,46,0.02872,0.06551,-5.45871,70.94700,1.45900,1
,46,0.02919,0.06371,-5.45871,44.48000,1.45900,1
,46,0.02991,0.06263,-5.45871,11.48000,1.45900,1
,47,0.01816,0.04470,-5.88000,21.49100,1.28300,1
,47,0.02871,0.06560,-5.88000,43.43400,1.28300,1
,48,0.01810,0.04486,-6.30128,13.79400,1.90800,1
,51,0.02331,0.03601,-7.56514,29.86600,4.88000,1
,51,0.02346,0.03661,-7.56514,50.92900,4.88000,1
,52,0.02347,0.03593,-7.98643,28.28800,4.02800,1
,52,0.02354,0.03677,-7.98643,43.08400,4.02800,1
,55,0.05453,0.07552,-9.25029,11.07500,1.73300,1
,55,0.05455,0.07643,-9.25029,14.88600,1.73300,1
,55,0.05744,0.07697,-9.25029,20.03900,1.73300,1
,55,0.06009,0.09422,-9.25029,47.54500,1.73300,1
,56,0.02709,0.07121,-9.67158,13.72700,1.48200,1
,56,0.05464,0.07555,-9.67158,8.26100,1.49300,1
,56,0.05470,0.07633,-9.67158,13.49400,1.49300,1
,56,0.05770,0.07688,-9.67158,8.46600,1.49300,1
,56,0.06001,0.09427,-9.67158,25.68000,1.49300,1
,56,0.06051,0.09385,-9.67158,10.75600,1.49300,1
,57,0.00968,0.03632,-10.09287,9.57900,1.42800,1
,57,0.02696,0.07133,-10.09287,12.11100,1.42800,1
,57,0.05470,0.07097,-10.09287,16.66800,1.42800,1
,57,0.05499,0.07128,-10.09287,14.53600,1.42800,1
,57,0.05512,0.07576,-10.09287,14.48300,1.42300,1
,58,0.00976,0.03636,-10.51416,8.50700,1.39300,1
,58,0.02681,0.07155,-10.51416,7.18200,1.39300,1
,58,0.02719,0.07149,-10.51416,9.05700,1.39300,1
,58,0.05475,0.07083,-10.51416,9.78900,1.39300,1
,58,0.05489,0.07144,-10.51416,21.27000,1.39300,1
,58,0.05533,0.07532,-10.51416,20.29600,1.39100,1
,59,0.02701,0.07152,-10.93544,10.07300,1.17800,1
,59,0.05474,0.07102,-10.93544,7.67300,1.17900,1
,59,0.05490,0.07157,-10.93544,15.03500,1.17900,1
,59,0.05543,0.07520,-10.93544,18.26300,1.17900,1
,60,0.04652,0.05866,-11.35673,7.77100,0.85300,1
,60,0.04909,0.07559,-11.35673,16.10600,0.85300,1
,60,0.10019,0.13203,-11.35673,5.02800,0.85300,1
,60,0.10025,0.13103,-11.35673,8.63400,0.85300,1
,61,0.02554,0.03952,-11.77802,5.58600,0.79600,1
,61,0.04648,0.05873,-11.77802,11.63500,0.79600,1
,61,0.04904,0.07575,-11.77802,36.91500,0.79600,1
,61,0.10023,0.13145,-11.77802,15.38200,0.79600,1
,62,0.02551,0.03972,-12.19930,10.56700,0.92500,1
,62,0.04648,0.05875,-12.19930,15.09900,0.92500,1
,62,0.04856,0.07779,-12.19930,12.43500,0.92500,1
,62,0.04905,0.07577,-12.19930,53.11100,0.92500,1
,63,0.02542,0.03997,-12.62059,12.02400,1.01800,1
,63,0.04650,0.05876,-12.62059,16.38600,1.01800,1
,63,0.04850,0.07809,-12.62059,7.91800,1.01800,1
,63,0.04861,0.07769,-12.62059,31.00600,1.01800,1
,63,0.04907,0.07578,-12.62059,59.78700,1.01800,1
,63,0.04966,0.07369,-12.62059,12.79100,1.01800,1
,64,0.02542,0.03994,-13.04188,11.76500,0.92200,1
,64,0.04650,0.05880,-13.04188,14.40300,0.92200,1
,64,0.04907,0.07579,-13.04188,54.19200,0.92200,1
,64,0.04976,0.07358,-13.04188,10.94700,0.92200,1
,65,0.02546,0.03981,-13.46317,7.00600,0.58000,1
,65,0.04647,0.05885,-13.46317,9.10300,0.58000,1
,65,0.04906,0.07580,-13.46317,33.69100,0.58000,1
,66,0.04902,0.07577,-13.88445,12.54800,0.26400,1
,67,0.05220,0.08046,-14.30574,16.75500,0.35100,1
,67,0.10311,0.13628,-14.30574,3.55900,0.35100,1
,67,0.10347,0.13618,-14.30574,4.96100,0.35100,1
,67,0.10397,0.13989,-14.30574,6.30200,0.35100,1
,68,0.05220,0.08047,-14.72703,25.54400,0.51000,1
,68,0.10307,0.13631,-14.72703,5.25500,0.51000,1
,68,0.10343,0.13627,-14.72703,8.81800,0.51000,1
,68,0.10397,0.13988,-14.72703,10.59900,0.51000,1
,69,0.04632,0.07818,-15.14831,4.03800,0.43100,1
,69,0.05180,0.08259,-15.14831,4.46100,0.43100,1
,69,0.05219,0.08056,-15.14831,19.39000,0.43100,1
,69,0.05277,0.07853,-15.14831,4.61500,0.43100,1
,69,0.10308,0.13644,-15.14831,5.66600,0.43100,1
,69,0.10346,0.13636,-15.14831,6.02300,0.43100,1
,70,0.04646,0.07810,-15.56960,13.01300,0.32800,1
,70,0.05210,0.08118,-15.56960,2.92900,0.33000,1
,70,0.05226,0.08017,-15.56960,5.28100,0.33000,1
,70,0.09755,0.13427,-15.56960,3.75500,0.33000,1
,70,0.09781,0.13308,-15.56960,3.40500,0.33000,1
,71,0.04652,0.07817,-15.99089,15.39900,0.29300,1
,71,0.09745,0.13370,-15.99089,2.11900,0.29400,1
,71,0.09775,0.13395,-15.99089,5.15500,0.29400,1
,72,0.04655,0.07819,-16.41218,8.98300,0.20700,1
,73,0.05863,0.08555,-16.83346,5.05700,0.21100,1
,74,0.05871,0.08549,-17.25475,6.81700,0.24700,1
,74,0.06519,0.08900,-17.25475,8.71900,0.24700,1
,75,0.06520,0.08896,-17.67604,7.57200,0.22100,1
,76,0.01760,0.01402,-18.09733,2.15000,0.23200,1
,76,0.04125,0.04951,-18.09733,10.53800,0.22800,1
,77,0.01754,0.01255,-18.51861,1.99100,0.27300,1
,77,0.01773,0.01379,-18.51861,1.84200,0.27300,1
,77,0.04124,0.04912,-18.51861,13.37700,0.26400,1
,78,0.01741,0.01240,-18.93990,1.64200,0.26200,1
,78,0.01771,0.01268,-18.93990,1.57200,0.26200,1
,78,0.04124,0.04855,-18.93990,13.38400,0.25600,1
,79,0.01765,0.01224,-19.36119,1.80600,0.17800,1
,79,0.04122,0.04833,-19.36119,9.45500,0.17700,1
,80,0.04121,0.04826,-19.78247,3.78600,0.08400,1
,81,0.08970,0.09171,-20.20376,2.16400,0.06600,1
,82,0.08968,0.09169,-20.62505,2.87500,0.06900,1
,83,0.08964,0.09167,-21.04634,2.02500,0.05800,1
,84,0.04163,0.02192,-21.46762,1.15100,0.05200,1
,85,0.02732,0.03001,-21.88891,1.18200,0.05800,1
,85,0.04161,0.02185,-21.88891,1.54500,0.05800,1
,86,0.02728,0.02983,-22.31020,2.20000,0.06800,1
,86,0.07839,0.08561,-22.31020,1.14200,0.06800,1
,87,0.02731,0.02973,-22.73149,3.97600,0.08400,1
,87,0.07827,0.08547,-22.73149,1.20600,0.08400,1
,88,0.02487,0.01260,-23.15277,1.10200,0.10700,1
,88,0.02728,0.02961,-23.15277,5.78300,0.10600,1
,88,0.02774,0.02771,-23.15277,2.95400,0.10700,1
,88,0.07830,0.08516,-23.15277,1.36500,0.10700,1
,88,0.07854,0.08559,-23.15277,1.40100,0.10700,1
,89,0.02463,0.01243,-23.57406,2.31600,0.16000,1
,89,0.02723,0.02941,-23.57406,8.50600,0.15900,1
,89,0.02767,0.02751,-23.57406,5.00800,0.16000,1
,89,0.02811,0.02675,-23.57406,1.26400,0.16000,1
,89,0.07822,0.08485,-23.57406,1.01200,0.16000,1
,89,0.07849,0.08518,-23.57406,2.57500,0.16000,1
,90,0.02458,0.01220,-23.99535,4.01300,0.27400,1
,90,0.02720,0.02918,-23.99535,14.86200,0.27300,1
,90,0.07836,0.08426,-23.99535,1.93200,0.27400,1
,90,0.07842,0.08504,-23.99535,4.47100,0.27400,1
,91,0.02457,0.01209,-24.41663,6.04900,0.39000,1
,91,0.02662,0.03136,-24.41663,3.46300,0.39000,1
,91,0.02671,0.03089,-24.41663,13.89500,0.39000,1
,91,0.02717,0.02906,-24.41663,22.48100,0.39000,1
,91,0.02766,0.02711,-24.41663,12.46800,0.39000,1
,91,0.02818,0.02633,-24.41663,3.46200,0.39000,1
,91,0.07817,0.08451,-24.41663,2.90200,0.39000,1
,91,0.07840,0.08490,-24.41663,7.10000,0.39000,1
,92,0.02458,0.01206,-24.83792,6.14400,0.36400,1
,92,0.02637,0.03205,-24.83792,3.66300,0.36400,1
,92,0.02668,0.03104,-24.83792,5.56200,0.36400,1
,92,0.02717,0.02902,-24.83792,21.49200,0.36400,1
,92,0.02765,0.02711,-24.83792,12.28900,0.36400,1
,92,0.02817,0.02633,-24.83792,3.56200,0.36400,1
,92,0.07819,0.08438,-24.83792,2.74100,0.36400,1
,92,0.07836,0.08492,-24.83792,6.99100,0.36400,1
,93,0.02460,0.01202,-25.25921,3.68000,0.20500,1
,93,0.02719,0.02900,-25.25921,12.03800,0.20500,1
,93,0.02768,0.02711,-25.25921,7.47700,0.20500,1
,93,0.02827,0.02614,-25.25921,2.06100,0.20500,1
,94,0.02721,0.02906,-25.68050,4.32900,0.08300,1
,95,0.02724,0.02921,-26.10178,1.41000,0.04700,1
,100,0.03658,0.01708,-28.20822,1.16300,0.05500,1
,101,0.03655,0.01723,-28.62951,1.31600,0.05100,1
,126,0.08860,0.12365,-39.16169,2.23400,0.05000,1
,126,0.08910,0.12171,-39.16169,1.03900,0.05000,1
,127,0.06495,0.08779,-39.58298,1.19600,0.09400,1
,127,0.08603,0.10681,-39.58298,1.36500,0.09400,1
,127,0.08860,0.12369,-39.58298,5.26100,0.09400,1
,127,0.08934,0.12144,-39.58298,1.14600,0.09400,1
,128,0.06496,0.08782,-40.00426,1.46000,0.11100,1
,128,0.08593,0.10671,-40.00426,1.25500,0.11100,1
,128,0.08860,0.12372,-40.00426,6.22000,0.11100,1
,128,0.08935,0.12147,-40.00426,1.36400,0.11100,1
,129,0.08860,0.12376,-40.42555,3.87500,0.07500,1
,130,0.08859,0.12383,-40.84684,1.44900,0.04100,1
,148,0.11542,0.13494,-48.43001,1.70100,0.04100,1
,149,0.11543,0.13490,-48.85130,2.55500,0.05200,1
,150,0.11545,0.13485,-49.27258,1.73300,0.04400,1
,38,0.41605,-2.39628,-2.08841,3.04300,0.06500,1
,38,0.46786,-2.33671,-2.08841,1.42600,0.06500,1
,39,0.41601,-2.39610,-2.50970,3.48200,0.09000,1
,39,0.46776,-2.33692,-2.50970,1.46100,0.09000,1
,40,0.41598,-2.39622,-2.93098,4.00300,0.11200,1
,40,0.41670,-2.39948,-2.93098,4.29500,0.11100,1
,41,0.41591,-2.39608,-3.35227,2.04200,0.12500,1
,41,0.41669,-2.39943,-3.35227,6.37400,0.12300,1
,42,0.41670,-2.39954,-3.77356,4.11600,0.10000,1
,119,0.82765,-4.01898,-36.21268,1.08300,0.03800,1
,120,0.82775,-4.01899,-36.63397,2.52100,0.05600,1
,121,0.82778,-4.01899,-37.05525,2.52500,0.05600,1
,122,0.82779,-4.01895,-37.47654,1.12800,0.03700,1
,147,0.86866,-4.02148,-48.00872,1.31300,0.04100,1
,148,0.86866,-4.02143,-48.43001,2.11000,0.05600,1
,149,0.86865,-4.02135,-48.85130,1.84400,0.05600,1
,150,0.86866,-4.02126,-49.27258,1.18600,0.04500,1
,93,0.89727,-4.83383,-25.25921,1.14400,0.06400,1
,94,0.89723,-4.83392,-25.68050,2.54900,0.05700,1
,95,0.89721,-4.83407,-26.10178,4.59200,0.09300,1
,96,0.87360,-4.87018,-26.52307,1.34200,0.13900,1
,96,0.89457,-4.85182,-26.52307,1.04000,0.13900,1
,96,0.89720,-4.83416,-26.52307,6.69700,0.13700,1
,96,0.90038,-4.83812,-26.52307,1.04500,0.13900,1
,97,0.87359,-4.87019,-26.94436,1.44500,0.16900,1
,97,0.89455,-4.85183,-26.94436,1.34000,0.16900,1
,97,0.89718,-4.83420,-26.94436,7.73400,0.16600,1
,97,0.90035,-4.83828,-26.94436,1.09200,0.16900,1
,98,0.87363,-4.87035,-27.36565,1.01000,0.17700,1
,98,0.89450,-4.85180,-27.36565,1.32700,0.17700,1
,98,0.89716,-4.83422,-27.36565,7.70400,0.17100,1
,98,0.90059,-4.83736,-27.36565,1.12400,0.17500,1
,99,0.87357,-4.87011,-27.78693,1.22000,0.17300,1
,99,0.89447,-4.85151,-27.78693,1.32600,0.17300,1
,99,0.89717,-4.83416,-27.78693,7.01500,0.16600,1
,99,0.90072,-4.83728,-27.78693,1.06700,0.17300,1
,100,0.89447,-4.85143,-28.20822,1.06200,0.15900,1
,100,0.89718,-4.83407,-28.20822,6.18800,0.15200,1
,100,0.90061,-4.83707,-28.20822,1.18900,0.15900,1
,101,0.89716,-4.83405,-28.62951,5.12500,0.12600,1
,101,0.94891,-4.77479,-28.62951,1.28800,0.13100,1
,102,0.89709,-4.83413,-29.05079,4.08100,0.09500,1
,102,0.94897,-4.77501,-29.05079,1.02200,0.09800,1
,103,0.89702,-4.83416,-29.47208,3.81300,0.08100,1
,103,0.94883,-4.77453,-29.47208,1.53300,0.08200,1
,104,0.89699,-4.83412,-29.89337,3.77500,0.07900,1
,104,0.94890,-4.77498,-29.89337,1.11100,0.07900,1
,105,0.89699,-4.83407,-30.31466,2.86600,0.06200,1
,106,0.89701,-4.83398,-30.73594,1.41000,0.04100,1
,55,0.61828,-5.35175,-9.25029,9.17300,0.65700,1
,56,0.61800,-5.35123,-9.67158,12.48500,0.64100,1
,57,0.58887,-5.29971,-10.09287,5.21500,0.74200,1
,57,0.61725,-5.35036,-10.09287,14.92700,0.75400,1
,57,0.61816,-5.35080,-10.09287,9.29500,0.72900,1
,58,0.58870,-5.29953,-10.51416,6.05100,0.85700,1
,58,0.61685,-5.35012,-10.51416,10.48300,0.84800,1
,58,0.61727,-5.34950,-10.51416,20.52300,0.87600,1
,59,0.59255,-5.38579,-10.93544,5.11200,0.92500,1
,59,0.61623,-5.34960,-10.93544,19.93100,0.94700,1
,59,0.61711,-5.34973,-10.93544,19.87100,0.94700,1
,59,0.61736,-5.34934,-10.93544,10.90700,0.94700,1
,59,0.62428,-5.35374,-10.93544,5.21300,0.94700,1
,60,0.59253,-5.38558,-11.35673,6.07800,0.83700,1
,60,0.61620,-5.34934,-11.35673,19.89200,0.85400,1
,60,0.61646,-5.35037,-11.35673,6.42500,0.85400,1
,60,0.61712,-5.34946,-11.35673,18.52000,0.85400,1
,60,0.62420,-5.35365,-11.35673,5.20900,0.85400,1
,61,0.61623,-5.34934,-11.77802,11.71200,0.60400,1
,61,0.61646,-5.35039,-11.77802,4.21500,0.60400,1
,61,0.61714,-5.34961,-11.77802,10.71500,0.59300,1
,61,0.62398,-5.35375,-11.77802,4.65800,0.60400,1
,63,0.61753,-5.35129,-12.62059,6.00100,0.37600,1
,63,0.61768,-5.35038,-12.62059,5.04700,0.37700,1
,64,0.61752,-5.35139,-13.04188,3.84600,0.32200,1
,64,0.61765,-5.35045,-13.04188,5.57600,0.32200,1
,65,0.61756,-5.35005,-13.46317,2.87200,0.20600,1
,65,0.61760,-5.35110,-13.46317,3.81300,0.20400,1
,65,0.66941,-5.29080,-13.46317,1.41500,0.20600,1
,66,0.61760,-5.35050,-13.88445,4.23600,0.12300,1
,66,0.66936,-5.29089,-13.88445,1.37500,0.12400,1
,67,0.61763,-5.35037,-14.30574,3.76900,0.13700,1
,67,0.66940,-5.29042,-14.30574,1.60700,0.13700,1
,68,0.61742,-5.35047,-14.72703,1.16200,0.17000,1
,68,0.61776,-5.35038,-14.72703,2.63800,0.17000,1
,68,0.66941,-5.29010,-14.72703,1.34100,0.17000,1
,69,0.61756,-5.34958,-15.14831,1.54400,0.12600,1
,69,0.61779,-5.35070,-15.14831,1.91800,0.12600,1
,70,0.61780,-5.35003,-15.56960,1.40200,0.11600,1
,82,0.69085,-5.29408,-20.62505,1.54200,0.05600,1
,83,0.69081,-5.29403,-21.04634,2.11000,0.06200,1
,84,0.69075,-5.29396,-21.46762,1.94800,0.05600,1
,85,0.69067,-5.29393,-21.88891,1.29500,0.04400,1
,70,0.85508,-5.44567,-15.56960,3.52000,0.11800,1
,71,0.85506,-5.44564,-15.99089,6.01600,0.14600,1
,71,0.90632,-5.38958,-15.99089,1.35300,0.14700,1
,72,0.85501,-5.44556,-16.41218,5.05900,0.12400,1
,72,0.90631,-5.38957,-16.41218,1.05000,0.12500,1
,73,0.85491,-5.44551,-16.83346,2.13800,0.07900,1
